0 -1 0 0 7
0.203 -0.334875 1.11106 5.39977 2.98779
0.406 0.760517 1.20464 4.76885 -1.65045
0.609 1.47609 0.610098 2.15419 -3.85185
0.812 1.61292 -0.236679 -0.8189 -4.21975
1.015 1.15044 -0.991334 -3.68163 -2.91213
1.218 0.177897 -1.27168 -5.58549 0.57892
1.421 -0.840997 -0.608979 -3.30785 5.92818
1.624 -0.771838 0.719309 3.84482 5.48609
1.827 0.284934 1.27859 5.50449 0.133543
2.03 1.219 0.933263 3.42815 -3.1178
2.233 1.62598 0.15508 0.535207 -4.25403
2.436 1.43191 -0.683111 -2.42863 -3.72993
2.639 0.666651 -1.23325 -4.96158 -1.32162
2.842 -0.437319 -1.04807 -5.20514 3.53204
3.045 -0.992657 0.134884 0.758997 6.94865
3.248 -0.229284 1.16359 5.53294 2.45061
3.451 0.850515 1.16992 4.56128 -1.95603
3.654 1.51496 0.534894 1.87723 -3.95776
3.857 1.59441 -0.317475 -1.10181 -4.17092
4.06 1.07706 -1.04525 -3.92818 -2.68695
4.263 0.0696264 -1.25594 -5.63159 1.04809
4.466 -0.899114 -0.490669 -2.70215 6.31081
4.669 -0.693026 0.820638 4.30825 4.99905
4.872 0.390095 1.27716 5.39317 -0.287205
5.075 1.2826 0.871415 3.16881 -3.30468
5.278 1.63356 0.0729665 0.251037 -4.27389
5.481 1.38247 -0.753613 -2.69998 -3.59155
5.684 0.569233 -1.25529 -5.13699 -0.968882
5.887 -0.535367 -0.974577 -4.94371 4.07563
6.09 -0.970816 0.267789 1.49893 6.79696
6.293 -0.121685 1.20587 5.61049 1.9265
6.496 0.936372 1.12953 4.34105 -2.23909
6.699 1.54846 0.457808 1.5982 -4.04808
6.902 1.57045 -0.397183 -1.38363 -4.10735
7.105 0.999001 -1.09464 -4.16656 -2.44152
7.308 -0.0391554 -1.23093 -5.63775 1.53958
7.511 -0.944938 -0.365666 -2.03623 6.61992
7.714 -0.606002 0.912234 4.69673 4.48095
7.917 0.492836 1.26784 5.25563 -0.683065
8.12 1.34116 0.806149 2.90452 -3.47348
8.323 1.63565 -0.00938504 -0.0333439 -4.27941
8.526 1.32783 -0.821282 -2.96766 -3.43618
8.729 0.468623 -1.2703 -5.29221 -0.591692
8.932 -0.627686 -0.890677 -4.61103 4.60907
9.135 -0.935021 0.396838 2.20227 6.55178
9.338 -0.0130932 1.2382 5.63831 1.41991
9.541 1.01786 1.08389 4.11003 -2.50046
9.744 1.57656 0.379135 1.31751 -4.12317
9.947 1.54108 -0.475517 -1.66402 -4.02879
