0 -1 0 0 7
0.109 -0.780054 0.707411 3.7886 5.53794
0.218 -0.253018 1.15273 5.50857 2.56938
0.327 0.355246 1.27844 5.43381 -0.149672
0.436 0.898741 1.148 4.44071 -2.11629
0.545 1.30929 0.842582 3.05197 -3.38231
0.654 1.55846 0.431424 1.50457 -4.07509
0.763 1.63537 -0.0280866 -0.0969353 -4.27868
0.872 1.53743 -0.484555 -1.69539 -4.01868
0.981 1.268 -0.886201 -3.23087 -3.26241
1.09 0.839398 -1.17449 -4.5885 -1.91901
1.199 0.28332 -1.27847 -5.5063 0.140054
1.308 -0.324872 -1.1165 -5.4153 2.93594
1.417 -0.82753 -0.632519 -3.42499 5.84102
1.526 -0.996588 0.0920044 0.51827 6.97612
1.635 -0.728019 0.778168 4.11819 5.21325
1.744 -0.180116 1.18417 5.5754 2.20834
1.853 0.426132 1.27467 5.34854 -0.42787
1.962 0.956104 1.119 4.28753 -2.30333
2.071 1.34821 0.797443 2.87093 -3.49394
2.18 1.57697 0.3776 1.31304 -4.12446
2.289 1.63282 -0.084215 -0.290762 -4.27202
2.398 1.51391 -0.536897 -1.88535 -3.95514
2.507 1.22439 -0.928189 -3.40736 -3.13405
2.616 0.778151 -1.19831 -4.73027 -1.71125
2.725 0.210531 -1.27462 -5.56467 0.441193
2.834 -0.395315 -1.07542 -5.29376 3.30609
2.943 -0.870008 -0.553809 -3.02883 6.11788
3.052 -0.986392 0.18338 1.03045 6.905
3.161 -0.67188 0.844534 4.41305 4.87143
3.27 -0.106503 1.21091 5.61766 1.85439
3.379 0.495816 1.26732 5.2517 -0.694519
3.488 1.01142 1.0876 4.1295 -2.48039
3.597 1.38473 0.750894 2.68799 -3.59749
3.706 1.59296 0.323175 1.12089 -4.16691
3.815 1.62773 -0.140211 -0.48446 -4.2587
3.924 1.48789 -0.588357 -2.07433 -3.88435
4.033 1.17847 -0.968434 -3.58115 -2.99699
4.142 0.715084 -1.21933 -4.86536 -1.49277
4.251 0.137076 -1.26674 -5.60751 0.753524
4.36 -0.463965 -1.02947 -5.14219 3.67754
4.469 -0.907072 -0.471656 -2.60234 6.36398
4.578 -0.969533 0.273514 1.53071 6.78815
4.687 -0.612095 0.906313 4.67312 4.51673
4.796 -0.03249 1.23305 5.63721 1.50882
4.905 0.564152 1.25655 5.1444 -0.94968
5.014 1.06462 1.05394 3.96715 -2.64771
5.123 1.41884 0.703038 2.50337 -3.69315
5.232 1.60642 0.268239 0.928244 -4.20249
5.341 1.6201 -0.195986 -0.677945 -4.23868
5.45 1.4594 -0.638837 -2.2622 -3.8062
5.559 1.13028 -1.00682 -3.75192 -2.85101
5.668 0.65029 -1.23741 -4.99301 -1.26333
5.777 0.0631677 -1.25468 -5.63328 1.07669
5.886 -0.530415 -0.978639 -4.95898 4.04764
5.995 -0.938342 -0.386494 -2.14859 6.57498
6.104 -0.946202 0.36182 2.01361 6.62801
6.213 -0.54912 0.963362 4.89892 4.1531
6.322 0.041636 1.2507 5.63586 1.17263
6.431 0.631011 1.2425 5.02767 -1.19347
6.54 1.11567 1.01815 3.8009 -2.80556
6.649 1.45051 0.653978 2.31725 -3.7811
6.758 1.61735 0.212883 0.735183 -4.23127
6.867 1.60992 -0.251453 -0.871131 -4.21195
6.976 1.42845 -0.688241 -2.44878 -3.72052
7.085 1.07988 -1.04323 -3.91932 -2.69588
7.194 0.583872 -1.25241 -5.1124 -1.02274
7.303 -0.0109587 -1.23831 -5.64038 1.41018
7.412 -0.594241 -0.922967 -4.74277 4.41329
7.521 -0.963487 -0.298812 -1.67147 6.7469
7.63 -0.916663 0.447749 2.47435 6.42779
7.739 -0.483399 1.01559 5.09138 3.78411
7.848 0.115612 1.264 5.61536 0.846576
7.957 0.696276 1.22531 4.90244 -1.42605
8.066 1.1645 0.980344 3.63118 -2.95418
8.175 1.47972 0.603815 2.12981 -3.86149
8.284 1.62574 0.157195 0.541804 -4.25332
8.393 1.59721 -0.306523 -1.06393 -4.17843
8.502 1.39506 -0.736468 -2.63392 -3.62718
8.611 1.02729 -1.07753 -4.08294 -2.53135
8.72 0.515943 -1.26416 -5.22263 -0.770832
8.829 -0.0850464 -1.21748 -5.62707 1.75327
8.938 -0.655 -0.862536 -4.49251 4.77105
9.047 -0.982227 -0.209146 -1.17561 6.87634
9.156 -0.881234 0.530799 2.90882 6.19132
9.265 -0.415364 1.06294 5.25181 3.41295
9.374 0.189197 1.27309 5.57736 0.531238
9.483 0.75984 1.20515 4.76955 -1.64762
9.592 1.21108 0.940649 3.45835 -3.09382
9.701 1.50647 0.552647 1.94122 -3.93446
9.81 1.63158 0.101263 0.348193 -4.26867
9.919 1.58197 -0.361107 -1.25624 -4.13808
