0 1 0 0 6.28
0.41 -0.844295 0.537568 -3.37169 -5.29166
0.82 0.421114 -0.907511 5.69338 2.64461
1.23 0.131697 0.991899 -6.22193 0.829283
1.64 -0.646543 -0.764313 4.79132 -4.05064
2.05 0.955504 0.296346 -1.85894 5.9972
2.46 -0.965534 0.265513 -1.66437 -6.04801
2.87 0.668835 -0.744366 4.66797 4.19693
3.28 -0.163333 0.987744 -6.19117 -1.02053
3.69 -0.397263 -0.919183 5.75982 -2.48673
4.1 0.829498 0.56005 -3.51085 5.20342
4.51 -1.00153 -0.0226908 0.141862 -6.26987
4.92 0.854033 -0.522139 3.27301 5.35577
5.33 -0.43758 0.901069 -5.64367 -2.73748
5.74 -0.121135 -0.994246 6.22771 -0.756093
6.15 0.638505 0.771384 -4.83231 4.00334
6.56 -0.955566 -0.302006 1.89038 -5.9787
6.97 0.966067 -0.263417 1.65068 6.05485
7.38 -0.670322 0.745052 -4.66311 -4.19228
7.79 0.157662 -0.989353 6.1946 0.989769
8.2 0.402618 0.917429 -5.74305 2.52375
8.61 -0.83738 -0.551126 3.44822 -5.2363
9.02 1.00168 0.00884966 -0.0547612 6.2744
9.43 -0.846772 0.536999 -3.35859 -5.29317
9.84 0.417625 -0.910917 5.7012 2.61624
10.25 0.143131 0.992154 -6.20624 0.898614
10.66 -0.661335 -0.753751 4.71392 -4.13299
11.07 0.96413 0.273427 -1.71006 6.03559
11.48 -0.958403 0.29618 -1.85108 -5.98772
11.89 0.641358 -0.770325 4.81929 4.01452
12.3 -0.119481 0.995818 -6.22457 -0.743711
12.71 -0.444442 -0.899161 5.62093 -2.77544
13.12 0.861847 0.512321 -3.20258 5.39208
13.53 -1.00263 0.0419026 -0.261373 -6.26068
13.94 0.81635 -0.582188 3.6408 5.10658
14.35 -0.36712 0.933912 -5.83336 -2.29019
14.76 -0.20455 -0.982177 6.13736 -1.27543
15.17 0.706913 0.71171 -4.44616 4.42027
15.58 -0.98206 -0.208037 1.29949 -6.12896
15.99 0.935183 -0.362649 2.26718 5.84636
16.4 -0.585104 0.815847 -5.09227 -3.64948
16.81 0.0411813 -1.00266 6.26276 0.259753
17.22 0.513492 0.862335 -5.38345 3.2094
17.63 -0.903371 -0.438472 2.73708 -5.63494
18.04 0.99525 -0.12788 0.799891 6.21808
18.45 -0.762702 0.65357 -4.07652 -4.75516
