0 0.39 0 0 10.1
0.103 -0.345805 0.192703 -4.87747 -8.67275
0.206 0.196132 -0.338877 8.67247 5.0992
0.309 -0.0149823 0.392966 -10.0123 -0.301712
0.412 -0.192 -0.344777 8.75459 -4.795
0.515 0.328961 0.210435 -5.39875 8.52064
0.618 -0.395909 -0.0171484 0.434353 -9.93052
0.721 0.346355 -0.180023 4.62197 8.97061
0.824 -0.221496 0.326969 -8.29457 -5.53958
0.927 0.0196395 -0.392435 10.0085 0.580802
1.03 0.165463 0.355212 -9.08135 4.3109
1.133 -0.327778 -0.221705 5.61515 -8.21953
1.236 0.38849 0.0347587 -0.891271 10.0598
1.339 -0.361193 0.162462 -4.10846 -9.05788
1.442 0.224986 -0.320134 8.19956 5.84121
1.545 -0.0489522 0.390556 -9.93984 -1.16606
1.648 -0.161658 -0.3597 9.14122 -4.02733
1.751 0.309463 0.238546 -6.11473 8.01561
1.854 -0.393052 -0.0504165 1.27715 -9.85816
1.957 0.360625 -0.14911 3.83106 9.33922
2.06 -0.248461 0.307351 -7.78925 -6.2189
2.163 0.0529953 -0.38903 9.93061 1.43239
2.266 0.13462 0.368364 -9.40771 3.51922
2.369 -0.308042 -0.248118 6.28816 -7.72303
2.472 0.384139 0.0680459 -1.74434 9.94578
2.575 -0.373499 0.13215 -3.33865 -9.36559
2.678 0.251196 -0.29971 7.68243 6.51591
2.781 -0.0813625 0.385464 -9.79967 -1.98922
2.884 -0.131249 -0.371578 9.45105 -3.25699
2.987 0.288437 0.263942 -6.7599 7.47159
3.09 -0.387623 -0.0821539 2.0814 -9.72156
3.193 0.371817 -0.11823 3.0403 9.62806
3.296 -0.272765 0.28636 -7.25046 -6.83032
3.399 0.0848002 -0.38306 9.78678 2.24552
3.502 0.103974 0.378507 -9.65662 2.73389
3.605 -0.286969 -0.271931 6.89618 -7.19264
3.708 0.377287 0.0996577 -2.55379 9.76677
3.811 -0.382919 0.102086 -2.57596 -9.60097
3.914 0.274757 -0.277991 7.13099 7.12286
4.017 -0.11204 0.378033 -9.60071 -2.76701
4.12 -0.101089 -0.3806 9.68865 -2.49199
4.223 0.26627 0.286643 -7.33491 6.89873
4.326 -0.379945 -0.112198 2.84315 -9.52881
4.429 0.380136 -0.0877024 2.25818 9.84231
4.532 -0.294445 0.264362 -6.68738 -7.37508
4.635 0.114889 -0.374852 9.58511 3.01576
4.738 0.0738228 0.385862 -9.83407 1.96258
4.841 -0.264913 -0.293177 7.43996 -6.6371
4.944 0.368277 0.129443 -3.31562 9.53176
5.047 -0.389671 0.0725487 -1.82715 -9.76961
5.15 0.295705 -0.255336 6.55452 7.66279
5.253 -0.140861 0.368597 -9.35167 -3.49652
5.356 -0.0714554 -0.386976 9.85914 -1.73937
5.459 0.24332 0.306713 -7.84151 6.30639
5.562 -0.370339 -0.140434 3.55958 -9.28788
5.665 0.385807 -0.0578052 1.492 9.98775
5.768 -0.313577 0.241689 -6.10842 -7.85527
5.871 0.143142 -0.364728 9.33372 3.73987
5.974 0.0444218 0.39067 -9.94644 1.21171
6.077 -0.242199 -0.311925 7.92112 -6.0645
6.18 0.357442 0.157299 -4.02714 9.24954
6.283 -0.393987 0.0437721 -1.09799 -9.87739
6.386 0.314116 -0.232078 5.96167 8.13741
6.489 -0.167746 0.357484 -9.06095 -4.17601
6.592 -0.0425844 -0.390934 9.96808 -1.00517
6.695 0.219911 0.324246 -8.28236 5.70305
6.798 -0.359116 -0.166786 4.22886 -9.00646
6.901 0.389073 -0.0287713 0.747944 10.0706
7.004 -0.330263 0.218648 -5.52114 -8.27375
7.107 0.169483 -0.353003 9.04057 4.41567
7.21 0.0159814 0.393181 -10.0004 0.486562
7.313 -0.219123 -0.328272 8.342 -5.48226
7.416 0.345106 0.183166 -4.68679 8.92858
7.519 -0.396106 0.0159515 -0.393225 -9.93036
7.622 0.330094 -0.208519 5.36032 8.54926
7.725 -0.192657 0.345003 -8.7365 -4.8047
7.828 -0.0146727 -0.392711 10.0213 -0.294483
7.931 0.196337 0.339369 -8.66085 5.09628
8.034 -0.346574 -0.191215 4.85005 -8.69194
8.137 0.390182 -0.000792598 0.0311129 10.0974
8.24 -0.344631 0.195511 -4.93232 -8.63388
8.343 0.193872 -0.33998 8.71335 5.04196
8.446 -0.0113284 0.393649 -10.0025 -0.208646
8.549 -0.195953 -0.342341 8.70554 -4.89709
8.652 0.331576 0.207023 -5.29405 8.57694
8.755 -0.396273 -0.0107551 0.283303 -9.93464
8.858 0.34377 -0.184931 4.75759 8.90157
8.961 -0.215587 0.331449 -8.3858 -5.38268
9.064 0.0121196 -0.392547 10.0248 0.388507
9.167 0.172858 0.352227 -8.98093 4.49281
9.27 -0.332996 -0.213716 5.42299 -8.35133
9.373 0.38939 0.0259777 -0.654436 10.0747
9.476 -0.356828 0.172518 -4.34792 -8.93948
9.579 0.216305 -0.325944 8.3594 5.61841
9.682 -0.0373749 0.39233 -9.95959 -0.870687
9.785 -0.172929 -0.354272 9.01515 -4.31498
9.888 0.317139 0.228881 -5.84928 8.20217
9.991 -0.39473 -0.0362242 0.928591 -9.8963
