0 0.387 0 0 9.97
0.5 0.224274 0.310265 -8.29228 5.73222
1 -0.130004 0.350432 -9.59301 -3.82062
1.5 -0.361197 0.0696727 -1.93801 -10.3084
2 -0.24651 -0.276984 7.64311 -7.0641
2.5 0.101785 -0.36581 9.85721 2.48096
3 0.363697 -0.130515 3.45582 9.36867
3.5 0.318934 0.216107 -5.73967 8.20862
4 0.00392494 0.37717 -10.2315 -0.15534
4.5 -0.310715 0.199306 -5.52454 -8.87412
5 -0.329312 -0.165757 4.59998 -9.40115
5.5 -0.0335985 -0.374745 10.1906 -1.1755
6 0.296397 -0.245224 6.52206 7.62163
6.5 0.374696 0.0955288 -2.52808 9.65285
7 0.137438 0.35492 -9.54177 3.43297
7.5 -0.217214 0.301416 -8.30131 -6.24383
8 -0.366369 -0.0315426 0.877243 -10.4559
8.5 -0.164509 -0.334654 9.18187 -4.77566
9 0.192785 -0.329838 8.83311 4.90129
9.5 0.385221 -0.0366112 0.967569 9.9241
10 0.253643 0.287739 -7.67595 6.50411
10.5 -0.0941517 0.362647 -9.90402 -2.83299
11 -0.352159 0.107087 -2.97734 -10.051
11.5 -0.273257 -0.249639 6.90056 -7.81587
12 0.0651043 -0.37315 10.0789 1.49679
12.5 0.34932 -0.164341 4.35504 8.99658
13 0.338531 0.184927 -4.9058 8.71759
13.5 0.0414764 0.375852 -10.1708 0.86049
14 -0.288792 0.230806 -6.38865 -8.25457
14.5 -0.344443 -0.130383 3.62148 -9.83099
15 -0.0708592 -0.368563 10.047 -2.19358
15.5 0.271032 -0.272103 7.24842 6.95889
16 0.382259 0.0595792 -1.57655 9.84793
16.5 0.171847 0.340566 -9.13563 4.34751
17 -0.185585 0.322772 -8.87101 -5.36188
17.5 -0.367624 0.00701924 -0.19624 -10.4917
18 -0.197404 -0.315392 8.6721 -5.69026
18.5 0.159373 -0.346295 9.29374 4.01582
19 0.379879 -0.0729762 1.92928 9.78627
19.5 0.280684 0.262426 -6.98883 7.21217
20 -0.0572485 0.371207 -10.1133 -1.82135
20.5 -0.339325 0.143449 -3.98515 -9.68608
21 -0.297188 -0.219595 6.07942 -8.49085
21.5 0.0276937 -0.376832 10.2032 0.488112
22 0.331654 -0.196719 5.21865 8.53839
22.5 0.355017 0.151941 -4.02699 9.14471
23 0.0787155 0.370806 -10.01 1.86287
23.5 -0.263752 0.259943 -7.18338 -7.54922
24 -0.35592 -0.0935229 2.59902 -10.1577
24.5 -0.107491 -0.35863 9.79974 -3.19945
25 0.243037 -0.296469 7.91149 6.2249
25.5 0.386296 0.0229862 -0.609091 9.95192
26 0.204684 0.322881 -8.64305 5.21641
26.5 -0.151945 0.340829 -9.34658 -4.42798
27 -0.364916 0.0456024 -1.27018 -10.4146
27.5 -0.228321 -0.292799 8.06718 -6.55364
28 0.124334 -0.359434 9.66816 3.08306
28.5 0.370995 -0.108754 2.87674 9.55682
29 0.305135 0.234561 -6.23731 7.85019
29.5 -0.019668 0.376024 -10.2194 -0.796254
30 -0.322813 0.178363 -4.94982 -9.2175
30.5 -0.318014 -0.18714 5.18763 -9.08006
31 -0.0100829 -0.376765 10.2265 -0.535532
31.5 0.310829 -0.227329 6.03848 7.99692
32 0.368224 0.117449 -3.11087 9.48614
32.5 0.115274 0.362081 -9.75133 2.84213
33 -0.235854 0.286401 -7.90003 -6.76614
33.5 -0.363584 -0.055562 1.5439 -10.3762
34 -0.143109 -0.344992 9.44915 -4.18221
34.5 0.212649 -0.318056 8.50401 5.42508
35 0.386747 -0.0139127 0.366009 9.96338
35.5 0.235629 0.302033 -8.06908 6.0318
36 -0.11664 0.355398 -9.72349 -3.45241
36.5 -0.358248 0.0837888 -2.33208 -10.2247
37 -0.256909 -0.267066 7.37189 -7.3552
37.5 0.0879901 -0.369077 9.9509 2.11101
38 0.35862 -0.143602 3.80154 9.23677
38.5 0.326755 0.2044 -5.42825 8.41261
39 0.0182096 0.37705 -10.2219 0.231763
39.5 -0.302786 0.211447 -5.86025 -8.65056
40 -0.335472 -0.152593 4.23428 -9.57538
40.5 -0.0478483 -0.372894 10.1465 -1.56403
41 0.287008 -0.255859 6.80649 7.37574
41.5 0.378011 0.0817675 -2.16538 9.7387
42 0.15079 0.349762 -9.398 3.78893
42.5 -0.205385 0.309894 -8.53093 -5.9143
43 -0.367315 -0.0169028 0.468094 -10.4828
43.5 -0.177325 -0.327738 8.99676 -5.13079
44 0.180129 -0.336618 9.01907 4.56566
44.5 0.383579 -0.0507736 1.34032 9.88151
45 0.264382 0.278216 -7.41938 6.78641
45.5 -0.0800364 0.366324 -9.99837 -2.44578
46 -0.347667 0.12116 -3.36952 -9.92369
46.5 -0.28283 -0.238426 6.59234 -8.08475
47 0.0506855 -0.375077 10.1372 1.1084
47.5 0.342834 -0.177184 4.69522 8.82782
48 0.34533 0.172222 -4.56891 8.89448
48.5 0.0560023 0.374273 -10.1217 1.25232
49 -0.279445 0.242338 -6.70607 -7.99177
49.5 -0.349337 -0.116307 3.22952 -9.96968
50 -0.0852148 -0.365202 9.96152 -2.58679
50.5 0.260383 -0.28201 7.51484 6.67917
51 0.384267 0.0452274 -1.19867 9.89985
51.5 0.184914 0.333967 -8.95397 4.69442
52 -0.172666 0.33017 -9.06952 -5.00338
52.5 -0.367041 0.0220374 -0.615964 -10.4752
53 -0.209759 -0.306998 8.44534 -6.03406
53.5 0.145769 -0.351931 9.45019 3.65362
54 0.376795 -0.0872481 2.30532 9.70625
54.5 0.29066 0.251657 -6.70018 7.47352
55 -0.0425104 0.373495 -10.169 -1.41889
55.5 -0.333268 0.157305 -4.37032 -9.51464
56 -0.305771 -0.207153 5.73589 -8.73266
56.5 0.0127822 -0.377319 10.223 0.0846163
57 0.323755 -0.209164 5.54939 8.33243
57.5 0.360671 0.138326 -3.66693 9.29148
58 0.0933292 0.367719 -9.92038 2.25528
58.5 -0.253034 0.270697 -7.47777 -7.24879
59 -0.359419 -0.0786616 2.18444 -10.257
59.5 -0.121788 -0.353711 9.67127 -3.59284
60 0.231177 -0.305498 8.1559 5.91231
60.5 0.38691 0.00816881 -0.219136 9.96771
61 0.217309 0.314849 -8.42398 5.55023
61.5 -0.138038 0.347011 -9.51042 -4.04367
62 -0.362733 0.0608328 -1.69554 -10.3527
62.5 -0.240041 -0.282943 7.79899 -6.88102
63 0.109884 -0.363795 9.79144 2.69669
63.5 0.366426 -0.122986 3.25237 9.4382
64 0.314203 0.222603 -5.91825 8.08706
64.5 -0.004449 0.376835 -10.2344 -0.382586
65 -0.315189 0.191822 -5.32273 -9.00216
65.5 -0.325446 -0.173553 4.81113 -9.29005
66 -0.0253415 -0.375724 10.2051 -0.950336
66.5 0.301527 -0.239219 6.35575 7.75379
67 0.372617 0.103028 -2.73026 9.59996
67.5 0.129815 0.357455 -9.62074 3.23085
68 -0.223829 0.296212 -8.16684 -6.43027
68.5 -0.365572 -0.0400577 1.1109 -10.4327
69 -0.157173 -0.338486 9.27652 -4.57094
69.5 0.199642 -0.326058 8.72238 5.08106
70 0.385891 -0.0290594 0.764668 9.9411
70.5 0.247654 0.292592 -7.81348 6.34854
71 -0.101865 0.360237 -9.84943 -3.04588
71.5 -0.354413 0.0990541 -2.75785 -10.1159
72 -0.267815 -0.255789 7.06316 -7.66098
72.5 0.0728117 -0.372042 10.0375 1.70337
73 0.352538 -0.15764 4.17285 9.07871
73.5 0.334776 0.191329 -5.0808 8.62156
74 0.0337568 0.37631 -10.1947 0.652378
74.5 -0.293614 0.224327 -6.21567 -8.39218
75 -0.341602 -0.137969 3.82785 -9.74899
75.5 -0.0632944 -0.370252 10.0815 -1.9859
76 0.276332 -0.267034 7.10615 7.0959
76.5 0.381036 0.0666579 -1.76715 9.81693
77 0.165095 0.343582 -9.22637 4.16965
77.5 -0.19214 0.318605 -8.76586 -5.54573
78 -0.367691 -0.000915066 0.0213877 -10.4935
78.5 -0.190975 -0.319635 8.77934 -5.5097
79 0.166061 -0.343447 9.2074 4.1921
79.5 0.38119 -0.0661025 1.74406 9.81954
80 0.275648 0.267408 -7.12853 7.08212
80.5 -0.0645267 0.369708 -10.0836 -2.02099
81 -0.342149 0.136275 -3.79021 -9.76735
81.5 -0.292746 -0.225789 6.2446 -8.3637
82 0.0349133 -0.376536 10.1838 0.682878
82.5 0.335231 -0.190863 5.05812 8.62985
83 0.352171 0.15813 -4.19544 9.07224
83.5 0.0717151 0.371925 -10.0511 1.67544
84 -0.268768 0.254457 -7.03883 -7.69185
84.5 -0.354022 -0.100774 2.79682 -10.1026
85 -0.100676 -0.360901 9.85105 -3.01105
85.5 0.248378 -0.292308 7.79263 6.36351
86 0.385828 0.0295587 -0.786071 9.9401
86.5 0.198813 0.326236 -8.7417 5.06279
87 -0.158304 0.33763 -9.26858 -4.60538
87.5 -0.365722 0.0383346 -1.07121 -10.4378
88 -0.222808 -0.29731 8.18312 -6.39777
88.5 0.130741 -0.357447 9.60455 3.25291
89 0.372824 -0.102603 2.71024 9.60324
89.5 0.301013 0.239539 -6.37578 7.74436
90 -0.0264153 0.375323 -10.2112 -0.980116
90.5 -0.326057 0.172077 -4.78029 -9.31071
91 -0.314523 -0.19324 5.3514 -8.97962
91.5 -0.00343313 -0.377173 10.2266 -0.354906
92 0.314635 -0.222318 5.89964 8.09447
92.5 0.366205 0.123318 -3.27017 9.43497
93 0.109038 0.363725 -9.80571 2.67633
93.5 -0.240914 0.281876 -7.78288 -6.90949
94 -0.36253 -0.0623654 1.72976 -10.3454
94.5 -0.137083 -0.347715 9.51382 -4.01444
95 0.217907 -0.31476 8.40756 5.56219
95.5 0.386922 -0.00791653 0.204311 9.96786
96 0.230632 0.305587 -8.1719 5.90193
96.5 -0.122682 0.353081 -9.67001 -3.61998
97 -0.359657 0.0772527 -2.1538 -10.2654
97.5 -0.252299 -0.271705 7.49266 -7.22402
98 0.094016 -0.367866 9.90803 2.27175
98.5 0.360841 -0.138202 3.6544 9.29317
99 0.323491 0.209253 -5.56237 8.32931
99.5 0.0120707 0.377024 -10.2317 0.0656378
100 -0.3063 0.206055 -5.71634 -8.75131
100.5 -0.332868 -0.158471 4.39288 -9.50004
101 -0.0418342 -0.37389 10.163 -1.39949
101.5 0.290916 -0.251677 6.68895 7.4762
102 0.376727 0.087225 -2.31328 9.70631
102.5 0.145344 0.351792 -9.46183 3.64519
103 -0.210352 0.306279 -8.43955 -6.05435
103.5 -0.366993 -0.0231639 0.639118 -10.4732
104 -0.172108 -0.330776 9.07119 -4.98448
104.5 0.185192 -0.334126 8.94364 4.69834
105 0.384283 -0.0454074 1.19516 9.89932
105.5 0.260232 0.281838 -7.52287 6.67931
106 -0.0856552 0.36479 -9.9664 -2.60064
106.5 -0.349538 0.1154 -3.21328 -9.97771
107 -0.279092 -0.243057 6.71408 -7.97767
107.5 0.0562425 -0.374546 10.1127 1.25763
108 0.345322 -0.172545 4.56768 8.89104
108.5 0.342855 0.176838 -4.6959 8.83169
109 0.0505294 0.374794 -10.1457 1.10531
109.5 -0.283083 0.237826 -6.5873 -8.09578
110 -0.347537 -0.121847 3.3795 -9.91729
110.5 -0.0798851 -0.366662 9.99147 -2.43987
111 0.264272 -0.278624 7.41783 6.77947
111.5 0.383616 0.0501951 -1.33331 9.88353
112 0.180263 0.336248 -9.0235 4.57261
112.5 -0.177412 0.327394 -9.00174 -5.13654
113 -0.367328 0.0163949 -0.462123 -10.4833
113.5 -0.205353 -0.310216 8.52588 -5.90953
114 0.150533 -0.35017 9.39405 3.77916
114.5 0.377906 -0.0825491 2.17754 9.73431
115 0.287315 0.255221 -6.80109 7.38781
115.5 -0.0476186 0.372632 -10.1553 -1.55872
116 -0.335457 0.152342 -4.23682 -9.57786
116.5 -0.302854 -0.211646 5.85491 -8.64851
117 0.0177979 -0.377362 10.2143 0.220282
117.5 0.326385 -0.20528 5.44128 8.39935
118 0.358902 0.142607 -3.78435 9.2469
118.5 0.0885606 0.368655 -9.95492 2.12819
119 -0.256655 0.267028 -7.38303 -7.352
119.5 -0.358325 -0.0837617 2.32274 -10.2249
120 -0.117174 -0.355509 9.71128 -3.46459
120.5 0.234931 -0.302859 8.07826 6.00953
121 0.386783 0.0125846 -0.339054 9.96461
121.5 0.213439 0.317247 -8.49564 5.44972
122 -0.142451 0.344989 -9.46363 -4.16678
122.5 -0.363499 0.0558649 -1.56064 -10.3748
123 -0.236427 -0.28621 7.88197 -6.77804
123.5 0.114257 -0.362681 9.7525 2.81265
124 0.367823 -0.118975 3.14243 9.47342
124.5 0.311603 0.225994 -6.01364 8.02097
125 -0.00897733 0.376524 -10.2354 -0.505627
125.5 -0.317554 0.187657 -5.21199 -9.0704
126 -0.323282 -0.177791 4.924 -9.22714
126.5 -0.0209233 -0.376227 10.2094 -0.829888
127 0.304178 -0.236067 6.26651 7.82137
127.5 0.371461 0.106888 -2.83606 9.57104
128 0.125769 0.358672 -9.66206 3.12393
128.5 -0.227304 0.293332 -8.09443 -6.52894
129 -0.365073 -0.0446335 1.23494 -10.4179
129.5 -0.153285 -0.340492 9.32315 -4.46193
130 0.203157 -0.324104 8.66259 5.17248
130.5 0.386172 -0.0252411 0.660529 9.94824
131 0.244535 0.29498 -7.88391 6.26825
131.5 -0.105848 0.358868 -9.82066 -3.15631
132 -0.355522 0.0947959 -2.64298 -10.1481
132.5 -0.264954 -0.258976 7.145 -7.57877
133 0.0767163 -0.371477 10.0134 1.80763
133.5 0.354099 -0.154318 4.08077 9.118
134 0.332849 0.194443 -5.16805 8.573
134.5 0.0298579 0.376424 -10.2068 0.547309
135 -0.296016 0.220938 -6.12706 -8.46139
135.5 -0.340105 -0.141846 3.93141 -9.7051
136 -0.0595126 -0.371095 10.0956 -1.8819
136.5 0.278889 -0.264574 7.03481 7.1612
137 0.38039 0.0700283 -1.85965 9.80093
137.5 0.161769 0.344948 -9.27085 4.08263
138 -0.19535 0.316439 -8.71357 -5.6365
138.5 -0.367667 -0.0049005 0.129127 -10.4926
139 -0.187806 -0.321721 8.8291 -5.41998
139.5 0.169241 -0.3421 9.16359 4.27523
140 0.381763 -0.0629107 1.65634 9.83388
140.5 0.273232 0.269669 -7.19465 7.02054
141 -0.0680011 0.368881 -10.0696 -2.11664
141.5 -0.343462 0.13274 -3.69584 -9.80553
142 -0.290583 -0.228777 6.32189 -8.30092
142.5 0.0382869 -0.376412 10.1718 0.773662
143 0.336835 -0.188218 4.98353 8.67017
143.5 0.350831 0.160875 -4.27231 9.03883
144 0.0684757 0.372335 -10.0705 1.58895
144.5 -0.271075 0.251803 -6.9711 -7.75823
145 -0.353093 -0.104198 2.88835 -10.0751
145.5 -0.0975519 -0.36196 9.87165 -2.92428
146 0.250733 -0.290487 7.73787 6.42379
146.5 0.385582 0.0323856 -0.86402 9.93414
147 0.196189 0.327624 -8.78589 4.99488
147.5 -0.161146 0.336091 -9.23377 -4.68536
148 -0.366044 0.0349854 -0.981218 -10.4471
148.5 -0.220331 -0.299349 8.23255 -6.32687
149 0.133504 -0.356617 9.57451 3.32555
149.5 0.373567 -0.100049 2.63918 9.62172
150 0.299234 0.241564 -6.43481 7.69962
150.5 -0.0293208 0.374919 -10.2085 -1.05946
151 -0.327437 0.169256 -4.70623 -9.35095
151.5 -0.312984 -0.19592 5.42097 -8.93442
152 -0.000636702 -0.377378 10.2238 -0.278972
152.5 0.316167 -0.220319 5.84177 8.1329
153 0.365356 0.125619 -3.33479 9.4141
153.5 0.106468 0.3643 -9.82896 2.60849
154 -0.243005 0.279896 -7.73422 -6.96954
154.5 -0.362058 -0.065263 1.80701 -10.3312
155 -0.134617 -0.348863 9.53763 -3.94516
155.5 0.219963 -0.313508 8.36768 5.61492
156 0.386962 -0.00567014 0.141759 9.96895
156.5 0.228671 0.306876 -8.21261 5.8519
157 -0.125069 0.352065 -9.64966 -3.68677
157.5 -0.360192 0.0745647 -2.08237 -10.281
158 -0.250469 -0.273577 7.53837 -7.17091
158.5 0.0962939 -0.367454 9.88926 2.33202
159 0.361635 -0.136281 3.5998 9.31276
159.5 0.322274 0.210944 -5.61187 8.29921
160 0.00977469 0.376917 -10.2367 0.00355624
160.5 -0.307615 0.203921 -5.66174 -8.78979
161 -0.331865 -0.160747 4.4519 -9.47008
161.5 -0.0396437 -0.374303 10.1664 -1.33935
162 0.292266 -0.250278 6.64665 7.50993
162.5 0.376264 0.0890198 -2.36417 9.69519
163 0.143434 0.352405 -9.48537 3.59551
163.5 -0.212116 0.304895 -8.40764 -6.10497
164 -0.366857 -0.02548 0.700367 -10.4689
164.5 -0.170285 -0.33189 9.09484 -4.93246
165 0.186862 -0.333362 8.9166 4.74122
165.5 0.38449 -0.0437616 1.14843 9.90443
166 0.258879 0.282915 -7.55715 6.6455
166.5 -0.0875173 0.364186 -9.95722 -2.65241
167 -0.350152 0.113377 -3.16059 -9.99588
167.5 -0.277845 -0.244651 6.75291 -7.94078
168 0.0579823 -0.374443 10.1025 1.30403
168.5 0.346052 -0.171234 4.52896 8.90878
169 0.342109 0.178113 -4.7338 8.81374
169.5 0.0488637 0.374856 -10.1548 1.06087
170 -0.284208 0.236328 -6.55071 -8.1289
170.5 -0.346965 -0.123638 3.42555 -9.89979
171 -0.0783108 -0.367161 9.99774 -2.39597
171.5 0.265339 -0.277763 7.38955 6.8059
172 0.383428 0.0514391 -1.36945 9.87922
172.5 0.178985 0.336775 -9.04402 4.54013
173 -0.178755 0.326513 -8.98384 -5.17508
173.5 -0.367399 0.0146953 -0.41799 -10.4852
174 -0.204136 -0.311175 8.54605 -5.87399
174.5 0.151742 -0.3498 9.37749 3.81021
175 0.378162 -0.0815066 2.14664 9.74039
175.5 0.2865 0.255983 -6.82633 7.3682
176 -0.0489052 0.372319 -10.1538 -1.5942
176.5 -0.336018 0.150966 -4.20238 -9.59473
177 -0.302111 -0.212861 5.88396 -8.6258
177.5 0.0189635 -0.377453 10.2096 0.251734
178 0.326937 -0.204542 5.41744 8.41238
178.5 0.358527 0.143397 -3.80899 9.23839
179 0.0875259 0.368759 -9.96452 2.10122
179.5 -0.257477 0.266099 -7.36246 -7.37649
180 -0.358072 -0.085005 2.3539 -10.2167
180.5 -0.116207 -0.355971 9.71715 -3.43692
181 0.235625 -0.302461 8.06211 6.0263
181.5 0.386754 0.0132498 -0.359808 9.96408
182 0.212747 0.317572 -8.51006 5.43301
182.5 -0.143294 0.344504 -9.45664 -4.19113
183 -0.363646 0.0547958 -1.53411 -10.3792
183.5 -0.235761 -0.2869 7.89549 -6.75769
184 0.114947 -0.362599 9.74378 2.83025
184.5 0.368011 -0.118521 3.12693 9.47747
185 0.311243 0.226352 -6.02757 8.01321
185.5 -0.00965765 0.376375 -10.2381 -0.524111
186 -0.317934 0.186889 -5.19471 -9.08233
186.5 -0.322946 -0.178541 4.94071 -9.21607
187 -0.0203499 -0.376392 10.2071 -0.814032
187.5 0.30445 -0.235845 6.25616 7.82701
188 0.371349 0.107141 -2.84619 9.5691
188.5 0.125347 0.358692 -9.6688 3.11373
189 -0.22772 0.292886 -8.08739 -6.54195
189.5 -0.365014 -0.0452851 1.24983 -10.4155
190 -0.152898 -0.340796 9.32532 -4.44992
190.5 0.203397 -0.324078 8.65634 5.17747
191 0.386183 -0.0251653 0.655354 9.94844
191.5 0.244366 0.294996 -7.88944 6.26546
192 -0.106133 0.358663 -9.82123 -3.16489
192.5 -0.355613 0.0943497 -2.63392 -10.1512
193 -0.264768 -0.259293 7.14887 -7.57176
193.5 0.0768444 -0.371572 10.0096 1.81053
194 0.354104 -0.154422 4.07984 9.11709
194.5 0.332849 0.194322 -5.16881 8.57448
195 0.0297945 0.376312 -10.21 0.545933
195.5 -0.296097 0.22072 -6.12524 -8.46499
196 -0.340069 -0.14206 3.93367 -9.70272
196.5 -0.0595309 -0.37121 10.0924 -1.8818
197 0.278783 -0.264799 7.03619 7.15697
197.5 0.380426 0.0697079 -1.85444 9.80255
198 0.161922 0.344764 -9.27152 4.08798
198.5 -0.195275 0.316377 -8.71717 -5.63565
199 -0.367673 -0.004937 0.126979 -10.4924
199.5 -0.187953 -0.32175 8.82436 -5.42255
200 0.168963 -0.342348 9.16468 4.26668
200.5 0.381695 -0.0634174 1.66651 9.83175
201 0.273509 0.269278 -7.18883 7.02947
201.5 -0.0676868 0.368833 -10.0742 -2.10847
202 -0.343368 0.132887 -3.70344 -9.80369
202.5 -0.290787 -0.22863 6.31344 -8.30495
203 0.0378274 -0.376565 10.1699 0.761049
203.5 0.336549 -0.18883 4.99595 8.66153
204 0.351084 0.160214 -4.25843 9.04671
204.5 0.0690197 0.372133 -10.0709 1.60425
205 -0.27075 0.252057 -6.98251 -7.75044
205.5 -0.353238 -0.103825 2.87457 -10.0781
206 -0.098142 -0.361903 9.86431 -2.93957
206.5 0.250166 -0.291075 7.74885 6.40745
207 0.385648 0.0314733 -0.843075 9.93622
207.5 0.196861 0.327122 -8.77752 5.01415
208 -0.160511 0.336301 -9.24477 -4.6688
208.5 -0.365983 0.0355662 -1.00055 -10.4454
209 -0.220947 -0.298994 8.21784 -6.34239
209.5 0.132657 -0.357028 9.58013 3.30204
210 0.373305 -0.101114 2.66402 9.61426
210.5 0.299866 0.240685 -6.41555 7.71775
211 -0.0283871 0.3749 -10.2136 -1.03413
211.5 -0.327036 0.169948 -4.72907 -9.34062
212 -0.313477 -0.19523 5.39791 -8.94672
212.5 -0.00169106 -0.377466 10.2205 -0.307441
213 0.31549 -0.221376 5.86588 8.11391
213.5 0.36575 0.124374 -3.30522 9.42537
214 0.10759 0.363884 -9.82301 2.63949
214.5 -0.242179 0.280529 -7.75613 -6.94774
215 -0.362255 -0.0642701 1.77614 -10.336
215.5 -0.13574 -0.348515 9.52285 -3.97496
216 0.218862 -0.314362 8.38581 5.58453
216.5 0.386937 -0.00717511 0.178388 9.96838
217 0.229792 0.305955 -8.19254 5.88301
217.5 -0.123824 0.352426 -9.66461 -3.65323
218 -0.359934 0.0757431 -2.11837 -10.274
218.5 -0.251471 -0.272741 7.51088 -7.19725
219 0.0948447 -0.367911 9.89636 2.29257
219.5 0.361065 -0.137862 3.63823 9.29707
220 0.323158 0.209508 -5.57749 8.32375
220.5 0.0113277 0.376798 -10.2386 0.0458726
221 -0.306792 0.205087 -5.69782 -8.76773
221.5 -0.332528 -0.159453 4.4124 -9.48746
222 -0.0412809 -0.374202 10.1584 -1.38351
222.5 0.291106 -0.251699 6.68045 7.47822
223 0.376681 0.0871644 -2.31833 9.70675
223.5 0.145087 0.351657 -9.47001 3.64075
224 -0.210713 0.305799 -8.43695 -6.06705
224.5 -0.366974 -0.0238554 0.651992 -10.4718
225 -0.171883 -0.331138 9.06947 -4.97534
225.5 0.185168 -0.334375 8.93912 4.69521
226 0.384255 -0.0458421 1.20026 9.89811
226.5 0.260362 0.281484 -7.52309 6.68604
227 -0.0856326 0.36457 -9.9725 -2.60119
227.5 -0.349568 0.115112 -3.21211 -9.97994
228 -0.279134 -0.243248 6.71016 -7.97532
228.5 0.055916 -0.374822 10.1078 1.2481
229 0.345066 -0.173273 4.57948 8.88212
229.5 0.343134 0.176068 -4.68304 8.84171
230 0.0510155 0.374509 -10.1501 1.11944
230.5 -0.282862 0.237882 -6.59751 -8.09226
231 -0.347675 -0.1217 3.36832 -9.91874
231.5 -0.0804994 -0.366749 9.98172 -2.45515
232 0.263616 -0.279456 7.43066 6.75936
232.5 0.383744 0.0489642 -1.30718 9.88788
233 0.181103 0.335585 -9.01639 4.59769
233.5 -0.176714 0.327569 -9.01714 -5.11946
234 -0.367304 0.0169412 -0.483642 -10.4824
234.5 -0.206132 -0.309914 8.50712 -5.928
235 0.149416 -0.350853 9.40136 3.74739
235.5 0.377599 -0.0841275 2.21273 9.72531
236 0.288244 0.253966 -6.77636 7.41544
236.5 -0.0463716 0.372594 -10.1657 -1.5252
237 -0.334988 0.153195 -4.26765 -9.56643
237.5 -0.303574 -0.210823 5.82388 -8.66547
238 0.0162841 -0.377628 10.2098 0.179258
238.5 0.32544 -0.206963 5.47815 8.3722
239 0.359573 0.140707 -3.74103 9.26663
239.5 0.0902361 0.36806 -9.94994 2.17478
240 -0.255521 0.267936 -7.41697 -7.32288
240.5 -0.358693 -0.0824005 2.27824 -10.2335
241 -0.118896 -0.355127 9.68981 -3.50988
241.5 0.233274 -0.30432 8.10783 5.96313
242 0.386846 0.010165 -0.281405 9.96666
242.5 0.215248 0.315842 -8.46762 5.50057
243 -0.140577 0.345584 -9.49029 -4.11683
243.5 -0.363205 0.0576306 -1.61615 -10.3668
244 -0.238061 -0.285036 7.84029 -6.82034
244.5 0.111964 -0.36357 9.76576 2.74985
245 0.367007 -0.12163 3.20593 9.45073
245.5 0.313139 0.223688 -5.96019 8.06416
246 -0.00648687 0.37641 -10.2431 -0.43783
246.5 -0.316349 0.189531 -5.27138 -9.03856
247 -0.324459 -0.175816 4.86173 -9.25742
247.5 -0.0236188 -0.376235 10.1987 -0.902575
248 0.302354 -0.238559 6.32477 7.771
248.5 0.372291 0.103789 -2.76066 9.59436
249 0.128556 0.357525 -9.64122 3.20052
249.5 -0.225085 0.294889 -8.14625 -6.46948
250 -0.365411 -0.0420151 1.15569 -10.4263
250.5 -0.156016 -0.33941 9.2835 -4.53488
251 0.200369 -0.325987 8.70366 5.09628
251.5 0.38593 -0.0288322 0.749134 9.94177
252 0.247154 0.29264 -7.83004 6.34035
252.5 -0.102719 0.359633 -9.85148 -3.07153
253 -0.354698 0.097719 -2.7308 -10.1257
253.5 -0.267262 -0.256748 7.07509 -7.6401
254 0.0732005 -0.37233 10.0263 1.71227
254.5 0.352556 -0.157948 4.16998 9.07596
255 0.334776 0.190965 -5.08296 8.62595
255.5 0.0335701 0.375976 -10.2045 0.648445
256 -0.293859 0.223675 -6.21042 -8.40304
256.5 -0.341497 -0.138616 3.8348 -9.74198
257 -0.0633455 -0.370597 10.072 -1.98539
257.5 0.276013 -0.267703 7.11006 7.08314
258 0.381138 0.065695 -1.75144 9.82154
258.5 0.165553 0.343021 -9.22815 4.18579
259 -0.19191 0.318418 -8.77671 -5.54304
259.5 -0.367707 -0.0010247 0.0149578 -10.4932
260 -0.191411 -0.319719 8.76513 -5.51718
260.5 0.165224 -0.344181 9.21034 4.16646
261 0.380976 -0.0676201 1.77446 9.81277
261.5 0.276473 0.266226 -7.11071 7.10872
262 -0.0635787 0.369556 -10.0973 -1.99627
262.5 -0.341861 0.136716 -3.813 -9.76167
263 -0.29335 -0.225342 6.21922 -8.37556
263.5 0.033537 -0.37698 10.1777 0.645175
264 0.33436 -0.192689 5.09503 8.6035
264.5 0.352916 0.156138 -4.15351 9.09538
265 0.0733475 0.371301 -10.0516 1.72139
265.5 -0.267779 0.25521 -7.07287 -7.66813
266 -0.35444 -0.0996523 2.75543 -10.1113
266.5 -0.102438 -0.360714 9.82859 -3.05663
267 0.246663 -0.294052 7.82501 6.31415
267.5 0.386001 0.0268197 -0.723171 9.94564
268 0.200821 0.324709 -8.71594 5.12036
268.5 -0.156385 0.338242 -9.30114 -4.55535
269 -0.365519 0.0400748 -1.12916 -10.4322
269.5 -0.224639 -0.296229 8.13859 -6.44386
270 0.128193 -0.358653 9.62066 3.18227
270.5 0.372008 -0.105788 2.78451 9.58006
271 0.302887 0.236882 -6.3174 7.79813
271.5 -0.0236085 0.375239 -10.2257 -0.903929
272 -0.324828 0.174141 -4.84855 -9.27906
272.5 -0.315974 -0.191156 5.28192 -9.01581
273 -0.00659229 -0.377405 10.2159 -0.440152
273.5 0.312576 -0.225466 5.97134 8.03675
274 0.367355 0.119571 -3.18113 9.46784
274.5 0.112398 0.362441 -9.78691 2.76917
275 -0.238413 0.28375 -7.84799 -6.84342
275.5 -0.363087 -0.0593816 1.63703 -10.359
276 -0.140434 -0.346638 9.46861 -4.10334
276.5 0.214582 -0.317287 8.46097 5.47051
277 0.386806 -0.0124305 0.31417 9.96499
277.5 0.233971 0.30279 -8.11073 5.99467
278 -0.11893 0.354126 -9.71385 -3.51888
278.5 -0.358841 0.0807798 -2.26161 -10.2434
279 -0.255273 -0.269168 7.40942 -7.3022
279.5 0.0896607 -0.369191 9.9281 2.15322
280 0.359085 -0.142927 3.76919 9.24491
280.5 0.326106 0.204917 -5.45846 8.40187
281 0.0167316 0.376621 -10.2363 0.192667
281.5 -0.303791 0.20953 -5.82395 -8.68406
282 -0.334815 -0.154571 4.2739 -9.55097
282.5 -0.0467366 -0.373537 10.1378 -1.53171
283 0.287397 -0.255906 6.78935 7.38002
283.5 0.377924 0.081646 -2.1754 9.73956
284 0.150286 0.349496 -9.41437 3.78044
284.5 -0.206109 0.308949 -8.52634 -5.93968
285 -0.367292 -0.0182874 0.493919 -10.4805
285.5 -0.176872 -0.328471 8.99378 -5.11233
286 0.180088 -0.337111 9.00976 4.55965
286.5 0.383518 -0.0516413 1.35043 9.87878
287 0.264641 0.277501 -7.41944 6.79988
287.5 -0.0799843 0.365884 -10.0107 -2.44652
288 -0.347728 0.120586 -3.36737 -9.92835
288.5 -0.28291 -0.238812 6.58478 -8.07997
289 0.0500382 -0.375619 10.127 1.08967
289.5 0.34231 -0.178629 4.71841 8.80951
290 0.345872 0.170671 -4.54276 8.91402
290.5 0.0569791 0.373688 -10.13 1.28087
291 -0.278992 0.242446 -6.72656 -7.98445
291.5 -0.3496 -0.116011 3.20726 -9.9724
292 -0.0864322 -0.365357 9.94163 -2.61689
292.5 0.259058 -0.283651 7.53973 6.63857
293 0.384494 0.0427613 -1.14624 9.90761
293.5 0.186586 0.332613 -8.93886 4.74443
294 -0.171253 0.330501 -9.09992 -4.96867
294.5 -0.366967 0.0231288 -0.658976 -10.4728
295 -0.211295 -0.306372 8.40741 -6.07035
295.5 0.143528 -0.353261 9.46375 3.58996
296 0.376142 -0.0903943 2.37535 9.68707
296.5 0.292491 0.249117 -6.64975 7.52798
297 -0.040005 0.37338 -10.189 -1.3514
297.5 -0.332294 0.158998 -4.43175 -9.49095
298 -0.307176 -0.205488 5.67345 -8.76567
298.5 0.00976011 -0.377804 10.2127 0.00284998
299 0.321825 -0.212498 5.62217 8.27695
299.5 0.361963 0.134505 -3.57962 9.32954
300 0.0966742 0.366477 -9.90894 2.3484
300.5 -0.250727 0.27248 -7.5449 -7.1895
301 -0.360105 -0.0759299 2.09527 -10.2729
301.5 -0.125208 -0.352896 9.62701 -3.68264
302 0.22783 -0.308366 8.21351 5.81865
302.5 0.386971 0.003328 -0.10379 9.96995
303 0.220895 0.311982 -8.36631 5.65109
303.5 -0.13426 0.348145 -9.56227 -3.94288
304 -0.362082 0.0643546 -1.80635 -10.3352
304.5 -0.243262 -0.280549 7.71445 -6.9643
305 0.105285 -0.365502 9.81599 2.57077
305.5 0.364724 -0.12827 3.37862 9.39082
306 0.317213 0.217943 -5.80998 8.17175
306.5 0.000539864 0.37653 -10.2477 -0.246691
307 -0.312711 0.195534 -5.4406 -8.93671
307.5 -0.327731 -0.169569 4.68578 -9.34873
308 -0.0307197 -0.375657 10.1816 -1.09528
308.5 0.297813 -0.244146 6.47065 7.65127
309 0.374192 0.0968045 -2.57874 9.64424
309.5 0.135365 0.355075 -9.57668 3.3834
310 -0.219332 0.29926 -8.26873 -6.30976
310.5 -0.366157 -0.0348123 0.952193 -10.4471
311 -0.162591 -0.336238 9.19504 -4.71555
311.5 0.194021 -0.329739 8.80212 4.92745
312 0.385305 -0.0362333 0.941646 9.92541
312.5 0.25283 0.28783 -7.70349 6.49107
313 -0.0955723 0.361672 -9.90849 -2.87535
313.5 -0.352667 0.104874 -2.9328 -10.0686
314 -0.27235 -0.251265 6.92155 -7.78148
314.5 0.0657665 -0.373641 10.0604 1.51233
315 0.349352 -0.164851 4.34994 8.9919
315.5 0.338532 0.184314 -4.909 8.72482
316 0.0411775 0.3753 -10.1872 0.854582
316.5 -0.289207 0.229733 -6.38061 -8.27295
317 -0.344277 -0.13147 3.63357 -9.81979
317.5 -0.0709324 -0.369139 10.0313 -2.19209
318 0.270497 -0.273202 7.25421 6.93749
318.5 0.38241 0.0579693 -1.55013 9.8548
319 0.172613 0.339612 -9.13781 4.37465
319.5 -0.185188 0.322456 -8.88928 -5.35688
320 -0.367642 0.00683605 -0.206931 -10.4912
320.5 -0.198113 -0.315522 8.64845 -5.7021
321 0.157974 -0.347486 9.29756 3.97317
321.5 0.379485 -0.0754962 1.97962 9.77372
322 0.282035 0.260424 -6.95798 7.25586
322.5 -0.0556518 0.370922 -10.1353 -1.77944
323 -0.338815 0.144176 -4.02314 -9.67605
323.5 -0.298164 -0.218835 6.03702 -8.50981
324 0.0254083 -0.377525 10.1917 0.425755
324.5 0.330156 -0.199728 5.27905 8.49312
325 0.356205 0.148593 -3.95618 9.1817
325.5 0.081436 0.369709 -10.0092 1.93968
326 -0.262061 0.261167 -7.23955 -7.50855
326.5 -0.356564 -0.0916435 2.5299 -10.1709
327 -0.110399 -0.35826 9.76089 -3.27441
327.5 0.240139 -0.299314 7.96355 6.14158
328 0.386507 0.0184154 -0.504073 9.95881
328.5 0.207997 0.320266 -8.59801 5.31155
329 -0.148708 0.341785 -9.3993 -4.34336
329.5 -0.364504 0.0484951 -1.36658 -10.4036
330 -0.231315 -0.29094 7.99163 -6.62883
330.5 0.120068 -0.361356 9.69247 2.96496
331 0.369542 -0.114032 2.99961 9.51552
331.5 0.308184 0.230065 -6.13804 7.93776
332 -0.014973 0.375789 -10.2409 -0.668631
332.5 -0.320679 0.181762 -5.06264 -9.16255
333 -0.320344 -0.183621 5.0708 -9.13809
333.5 -0.0153335 -0.377045 10.2058 -0.67703
334 0.307307 -0.232501 6.15586 7.89826
334.5 0.370028 0.111164 -2.9613 9.53778
335 0.12085 0.359825 -9.71676 2.9963
335.5 -0.231603 0.289441 -8.00644 -6.65381
336 -0.364396 -0.0505732 1.38899 -10.3958
336.5 -0.148637 -0.343086 9.37091 -4.32868
337 0.207042 -0.322152 8.58977 5.27053
337.5 0.386416 -0.0214307 0.548955 9.95473
338 0.241116 0.297255 -7.96389 6.18427
338.5 -0.110334 0.357012 -9.79318 -3.28236
339 -0.356753 0.0896382 -2.51103 -10.1845
339.5 -0.261759 -0.26274 7.23068 -7.48261
340 0.0807078 -0.371137 9.98027 1.91293
340.5 0.35555 -0.151414 3.9911 9.15238
341 0.33098 0.197084 -5.25256 8.52993
341.5 0.0259818 0.376218 -10.2252 0.443679
342 -0.29847 0.217153 -6.03737 -8.53488
342.5 -0.338567 -0.146031 4.03439 -9.65627
343 -0.0559853 -0.372141 10.0999 -1.78338
343.5 0.281018 -0.262784 6.97044 7.21205
344 0.379833 0.0724297 -1.93449 9.78935
344.5 0.158965 0.345766 -9.31427 4.01271
345 -0.198206 0.314199 -8.67172 -5.72025
345.5 -0.367631 -0.00876832 0.225923 -10.49
346 -0.185165 -0.323738 8.86349 -5.34113
346.5 0.171541 -0.341418 9.12448 4.33234
347 0.382111 -0.0611352 1.59833 9.84197
347.5 0.271597 0.270838 -7.24291 6.98379
348 -0.0705316 0.367953 -10.0669 -2.18743
348.5 -0.344458 0.12974 -3.62463 -9.83624
349 -0.28903 -0.231224 6.37346 -8.25082
349.5 0.0403296 -0.376655 10.1553 0.82809
350 0.337626 -0.18722 4.94358 8.68682
350.5 0.350165 0.161842 -4.31095 9.02644
351 0.0667293 0.372209 -10.0894 1.54433
351.5 -0.272455 0.249897 -6.93436 -7.80152
352 -0.352559 -0.106514 2.94068 -10.0557
352.5 -0.0960615 -0.362805 9.87245 -2.88005
353 0.251543 -0.29021 7.71318 6.44025
353.5 0.385495 0.0328104 -0.886165 9.93362
354 0.195344 0.327695 -8.80712 4.97782
354.5 -0.162279 0.335135 -9.22739 -4.72034
355 -0.366192 0.0332444 -0.943607 -10.451
355.5 -0.219512 -0.30039 8.24246 -6.29798
356 0.134011 -0.356842 9.55992 3.33597
356.5 0.373607 -0.100261 2.63332 9.62084
357 0.299095 0.24131 -6.44329 7.70192
357.5 -0.029782 0.374481 -10.2181 -1.07234
358 -0.327754 0.168286 -4.69214 -9.36318
358.5 -0.312745 -0.196745 5.4295 -8.92168
359 -0.000608831 -0.377783 10.2129 -0.277676
359.5 0.31593 -0.221038 5.8467 8.12235
360 0.365514 0.124723 -3.32306 9.42227
360.5 0.106791 0.363814 -9.8363 2.62056
361 -0.242952 0.279576 -7.74189 -6.97251
361.5 -0.362099 -0.0655518 1.80377 -10.3292
362 -0.13507 -0.349084 9.52338 -3.95334
362.5 0.219174 -0.314434 8.37484 5.58963
363 0.386929 -0.00726181 0.173038 9.96871
363.5 0.229569 0.305823 -8.20173 5.8813
364 -0.124266 0.35199 -9.66709 -3.66731
364.5 -0.360063 0.0749287 -2.10357 -10.2782
365 -0.25122 -0.273277 7.51343 -7.18568
365.5 0.0948548 -0.368193 9.88908 2.29141
366 0.360966 -0.138371 3.64319 9.29263
366.5 0.323295 0.208999 -5.57391 8.33139
367 0.0114242 0.37652 -10.2461 0.0491452
367.5 -0.306833 0.204778 -5.69898 -8.77157
368 -0.332561 -0.159701 4.40998 -9.48447
368.5 -0.0416297 -0.374442 10.1498 -1.39172
369 0.290665 -0.252468 6.69025 7.46347
369.5 0.376845 0.0861341 -2.29912 9.7133
370 0.145697 0.351135 -9.46976 3.66014
370.5 -0.210328 0.305815 -8.44965 -6.05918
371 -0.367023 -0.0236571 0.638762 -10.4716
371.5 -0.172519 -0.33108 9.05431 -4.98925
372 0.184243 -0.33514 8.94668 4.66798
372.5 0.384093 -0.0473462 1.23231 9.89368
373 0.261249 0.280397 -7.50546 6.71363
373.5 -0.0846334 0.364557 -9.98613 -2.57492
374 -0.349294 0.115747 -3.23793 -9.97345
374.5 -0.279857 -0.242687 6.68376 -7.99112
375 0.0545081 -0.375279 10.1058 1.20956
375.5 0.344292 -0.175032 4.6172 8.85958
376 0.34392 0.174263 -4.6442 8.86579
376.5 0.0525928 0.374052 -10.1517 1.16347
377 -0.281951 0.238745 -6.63151 -8.06951
377.5 -0.348179 -0.120538 3.32754 -9.92978
378 -0.0822412 -0.366604 9.96381 -2.50075
378.5 0.262074 -0.281129 7.46432 6.71569
379 0.384013 0.0464974 -1.24969 9.89638
379.5 0.182995 0.334324 -8.99496 4.65152
380 -0.174987 0.32828 -9.04888 -5.07397
380.5 -0.367227 0.0186382 -0.538495 -10.4796
381 -0.207922 -0.308953 8.46853 -5.97371
381.5 0.14712 -0.352042 9.42055 3.68411
382 0.376989 -0.086997 2.28073 9.70856
382.5 0.29002 0.251709 -6.72645 7.46614
383 -0.0438682 0.372687 -10.1815 -1.45719
383.5 -0.333997 0.155168 -4.33093 -9.54028
384 -0.305021 -0.208962 5.76258 -8.70197
384.5 0.0134303 -0.377953 10.2051 0.102256
385 0.323732 -0.209819 5.54472 8.32494
385.5 0.360729 0.137487 -3.66409 9.2997
386 0.0932322 0.36711 -9.93702 2.25743
386.5 -0.253413 0.269746 -7.4773 -7.26668
387 -0.359355 -0.0797366 2.19617 -10.2498
387.5 -0.121943 -0.354299 9.65444 -3.59092
388 0.230444 -0.306661 8.15934 5.88557
388.5 0.386917 0.00625095 -0.185562 9.96926
389 0.218251 0.313579 -8.41817 5.58385
389.5 -0.137372 0.346689 -9.53249 -4.03016
390 -0.362674 0.0607887 -1.71173 -10.352
390.5 -0.240807 -0.282921 7.77112 -6.89277
391 0.108206 -0.364891 9.78904 2.64785
391.5 0.365665 -0.125768 3.30733 9.41432
392 0.315551 0.220081 -5.87357 8.13109
392.5 -0.00246942 0.376283 -10.2519 -0.328205
393 -0.31435 0.192676 -5.3674 -8.98447
393.5 -0.326345 -0.172494 4.76072 -9.30686
394 -0.0278973 -0.376119 10.1831 -1.01787
394.5 0.29948 -0.24232 6.4153 7.69296
395 0.373521 0.0990791 -2.64393 9.62861
395.5 0.132859 0.355782 -9.6058 3.31833
396 -0.221577 0.297382 -8.22529 -6.37426
396.5 -0.365901 -0.0378099 1.03098 -10.4385
397 -0.160231 -0.33761 9.22272 -4.64803
397.5 0.1961 -0.32873 8.76623 4.98072
398 0.385502 -0.0341578 0.882271 9.9307
398.5 0.251056 0.289141 -7.74659 6.44711
399 -0.0979519 0.360815 -9.89511 -2.94164
399.5 -0.35339 0.102245 -2.86452 -10.0896
400 -0.270724 -0.25326 6.96898 -7.7329
400.5 0.0679339 -0.373476 10.0456 1.57003
401 0.350211 -0.163214 4.30115 9.01295
401.5 0.337547 0.185871 -4.95628 8.70166
402 0.0390586 0.375308 -10.1977 0.798079
402.5 -0.290593 0.227781 -6.33306 -8.31366
403 -0.34351 -0.13372 3.6906 -9.79573
403.5 -0.0689772 -0.36973 10.0371 -2.13747
404 0.27177 -0.272139 7.21871 6.96895
404.5 0.382134 0.0594661 -1.59439 9.84898
405 0.171005 0.340207 -9.16291 4.33411
405.5 -0.186846 0.321298 -8.86598 -5.40458
406 -0.367689 0.0047047 -0.152102 -10.4918
406.5 -0.196609 -0.316682 8.67143 -5.65775
407 0.159406 -0.347035 9.27646 4.00979
407.5 0.379754 -0.074275 1.9427 9.78041
408 0.281027 0.261294 -6.98831 7.23218
408.5 -0.0572189 0.370484 -10.1331 -1.82269
409 -0.339471 0.142462 -3.98065 -9.69555
409.5 -0.29725 -0.2203 6.07083 -8.48121
410 0.0267661 -0.377633 10.1847 0.462401
410.5 0.330765 -0.1989 5.25131 8.50743
411 0.355747 0.149462 -3.98459 9.17197
411.5 0.0802123 0.369778 -10.0206 1.90803
412 -0.263021 0.260021 -7.21477 -7.53724
412.5 -0.356248 -0.0931222 2.56605 -10.16
413 -0.109301 -0.358797 9.76603 -3.24258
413.5 0.240881 -0.298902 7.94508 6.15924
414 0.386454 0.0190906 -0.526435 9.95823
414.5 0.20722 0.320572 -8.61439 5.29345
415 -0.149659 0.341189 -9.39155 -4.37097
415.5 -0.364658 0.0472541 -1.33656 -10.4078
416 -0.230588 -0.291717 8.00513 -6.60578
416.5 0.120763 -0.361309 9.68223 2.98247
417 0.369707 -0.113645 2.98453 9.51908
417.5 0.307818 0.230357 -6.15216 7.93084
418 -0.015679 0.37558 -10.2446 -0.687715
418.5 -0.321076 0.180907 -5.04439 -9.17504
419 -0.32 -0.184425 5.08716 -9.12575
419.5 -0.0148135 -0.377247 10.2019 -0.662409
420 0.307508 -0.2324 6.14708 7.90179
420.5 0.369934 0.111266 -2.96893 9.53713
421 0.120495 0.359767 -9.72394 2.98848
421.5 -0.231983 0.288975 -8.00075 -6.66613
422 -0.364345 -0.0512129 1.40215 -10.393
422.5 -0.148355 -0.343388 9.37051 -4.31884
423 0.207132 -0.32226 8.58499 5.27126
423.5 0.386406 -0.0215934 0.548774 9.95479
424 0.241077 0.297111 -7.96732 6.18584
424.5 -0.110487 0.356803 -9.79595 -3.28745
425 -0.356816 0.0892779 -2.50566 -10.1866
425.5 -0.261701 -0.262979 7.23027 -7.47815
426 0.0806021 -0.371324 9.97657 1.90949
426.5 0.35544 -0.151812 3.99657 9.14843
427 0.331112 0.196685 -5.24765 8.53581
427.5 0.0261536 0.376047 -10.2293 0.448969
428 -0.298429 0.217069 -6.04085 -8.53523
428.5 -0.338632 -0.146069 4.03013 -9.65581
429 -0.0563018 -0.372254 10.0942 -1.791
429.5 0.280668 -0.263304 6.97795 7.20111
430 0.379931 0.0717106 -1.92013 9.79323
430.5 0.159422 0.345399 -9.31233 4.02691
431 -0.197877 0.314264 -8.68078 -5.71259
431.5 -0.367654 -0.00853388 0.214907 -10.4898
432 -0.18563 -0.323631 8.85276 -5.35164
432.5 0.170884 -0.341893 9.12956 4.31351
433 0.381966 -0.0621241 1.61992 9.83807
433.5 0.272179 0.270099 -7.22971 7.00167
434 -0.069826 0.367947 -10.0749 -2.16852
434.5 -0.344237 0.130217 -3.64273 -9.83073
435 -0.289507 -0.230787 6.35516 -8.26148
435.5 0.039386 -0.376898 10.1535 0.80254
436 0.337079 -0.18833 4.9677 8.6712
436.5 0.350636 0.160661 -4.28483 9.04083
437 0.0677635 0.371884 -10.0887 1.5733
437.5 -0.271816 0.250469 -6.95621 -7.78517
438 -0.352855 -0.105708 2.91341 -10.0621
438.5 -0.0971831 -0.362646 9.86005 -2.90933
439 0.250516 -0.291224 7.73374 6.41155
439.5 0.385606 0.0312447 -0.849278 9.93737
440 0.196528 0.326852 -8.7916 5.0115
440.5 -0.161139 0.335562 -9.24633 -4.68995
441 -0.36609 0.0343545 -0.978975 -10.4478
441.5 -0.220623 -0.299713 8.21687 -6.32638
442 0.132534 -0.357519 9.57061 3.29556
442.5 0.373153 -0.102037 2.67561 9.60848
443 0.300158 0.239853 -6.41036 7.73227
443.5 -0.0281896 0.374484 -10.2259 -1.02887
444 -0.327064 0.169523 -4.73154 -9.34479
444.5 -0.313601 -0.195518 5.38994 -8.94327
445 -0.00239797 -0.377898 10.2082 -0.325762
445.5 0.314796 -0.22276 5.88693 8.0912
446 0.366153 0.122698 -3.27425 9.44061
446.5 0.108641 0.363149 -9.8257 2.67169
447 -0.241576 0.280662 -7.77799 -6.93556
447.5 -0.362433 -0.0638575 1.75202 -10.3373
448 -0.136935 -0.348476 9.49943 -4.00285
448.5 0.217365 -0.315795 8.40471 5.54034
449 0.386872 -0.00967146 0.232268 9.96764
449.5 0.231369 0.304349 -8.16869 5.93127
450 -0.122242 0.352595 -9.69064 -3.61235
450.5 -0.359639 0.0768816 -2.16245 -10.2664
451 -0.252852 -0.271885 7.46882 -7.22868
451.5 0.092512 -0.368894 9.90077 2.22804
452 0.360035 -0.140866 3.70443 9.2675
452.5 0.324683 0.206725 -5.51879 8.36994
453 0.013899 0.376337 -10.2483 0.116818
453.5 -0.305507 0.206667 -5.75658 -8.73549
454 -0.33362 -0.157597 4.34651 -9.51217
454.5 -0.0442419 -0.374243 10.1372 -1.46198
455 0.288809 -0.25468 6.74346 7.41329
455.5 0.37747 0.0832289 -2.22685 9.73086
456 0.148287 0.349954 -9.4446 3.73111
456.5 -0.208101 0.307248 -8.49524 -5.99853
457 -0.367196 -0.0210612 0.56204 -10.4756
457.5 -0.175035 -0.329854 9.01412 -5.05674
458 0.181571 -0.336684 8.98164 4.59585
458.5 0.383689 -0.0505688 1.313 9.88315
459 0.263532 0.278162 -7.45152 6.77613
459.5 -0.0816862 0.365146 -10.0088 -2.49446
460 -0.348358 0.118475 -3.31845 -9.94753
460.5 -0.281858 -0.240457 6.61653 -8.04469
461 0.0512822 -0.375817 10.1136 1.12258
461.5 0.342725 -0.178154 4.69499 8.81762
462 0.345462 0.171098 -4.56514 8.90797
462.5 0.0559133 0.373491 -10.143 1.25408
463 -0.279838 0.24115 -6.70338 -8.01154
463.5 -0.349251 -0.1175 3.23839 -9.95829
464 -0.085623 -0.365909 9.93831 -2.59199
464.5 0.259383 -0.283685 7.52683 6.64345
465 0.384441 0.0427052 -1.15389 9.90835
465.5 0.18622 0.332465 -8.95102 4.73928
466 -0.171827 0.329879 -9.09874 -4.98741
466.5 -0.367038 0.0221136 -0.639674 -10.4739
467 -0.210969 -0.306956 8.40775 -6.05608
467.5 0.143528 -0.35359 9.45598 3.58752
468 0.376063 -0.0909732 2.38132 9.68407
468.5 0.292631 0.248601 -6.64887 7.53694
469 -0.039991 0.373061 -10.1978 -1.35128
469.5 -0.332371 0.158572 -4.43023 -9.49523
470 -0.307216 -0.205794 5.66979 -8.76138
470.5 0.00933434 -0.37814 10.204 -0.00822981
471 0.321388 -0.213449 5.63605 8.26242
471.5 0.362242 0.133385 -3.56005 9.3407
472 0.0973305 0.365988 -9.91259 2.36888
472.5 -0.250389 0.272506 -7.55879 -7.18338
473 -0.360237 -0.07574 2.08049 -10.2734
473.5 -0.12601 -0.352931 9.61118 -3.70109
474 0.226825 -0.309399 8.22697 5.78875
474.5 0.386962 0.00159372 -0.066901 9.97086
475 0.221981 0.310899 -8.35175 5.68473
475.5 -0.133225 0.348258 -9.58108 -3.91642
476 -0.361925 0.0650866 -1.83579 -10.3308
476.5 -0.244237 -0.280019 7.68585 -6.98612
477 0.103667 -0.366253 9.81998 2.52587
477.5 0.36405 -0.13041 3.42557 9.37159
478 0.318318 0.216015 -5.77028 8.20558
478.5 0.00231155 0.376243 -10.2564 -0.197822
479 -0.311874 0.196627 -5.48174 -8.91576
479.5 -0.328544 -0.16832 4.64025 -9.36681
480 -0.0328189 -0.375763 10.1678 -1.15091
480.5 0.296232 -0.246317 6.51655 7.60658
481 0.374815 0.0940226 -2.51458 9.66349
481.5 0.137638 0.353926 -9.56107 3.44774
482 -0.217546 0.300314 -8.31118 -6.26302
482.5 -0.366386 -0.0328657 0.888955 -10.4514
483 -0.164869 -0.335406 9.15707 -4.77422
483.5 0.191487 -0.331471 8.83433 4.85742
484 0.384981 -0.0396288 1.02242 9.91721
484.5 0.255138 0.285518 -7.65464 6.55692
485 -0.0928 0.362149 -9.93671 -2.80043
485.5 -0.351892 0.107274 -3.00888 -10.0476
486 -0.274365 -0.249341 6.85595 -7.83257
486.5 0.0624509 -0.374458 10.0669 1.42251
487 0.347754 -0.16841 4.43413 8.94799
487.5 0.340285 0.180789 -4.82594 8.77494
488 0.0446842 0.374661 -10.1851 0.951062
488.5 -0.287129 0.232119 -6.45788 -8.21744
489 -0.345506 -0.128504 3.54122 -9.85046
489.5 -0.0746481 -0.368647 10.0026 -2.29124
490 0.267515 -0.276341 7.32572 6.8559
490.5 0.383019 0.0534673 -1.44016 9.87276
491 0.176338 0.337462 -9.09385 4.47791
491.5 -0.181741 0.324203 -8.95062 -5.26374
492 -0.36757 0.01055 -0.319221 -10.488
492.5 -0.201673 -0.313494 8.57917 -5.79619
493 0.15376 -0.349585 9.34002 3.85877
493.5 0.378491 -0.0804797 2.10226 9.74729
494 0.28529 0.256629 -6.86843 7.34627
494.5 -0.0510768 0.371377 -10.162 -1.65467
495 -0.337051 0.148097 -4.14172 -9.62787
495.5 -0.30091 -0.215282 5.9275 -8.58189
496 0.020373 -0.378037 10.1909 0.290004
496.5 0.327329 -0.20451 5.39551 8.41665
497 0.358262 0.143336 -3.82659 9.23896
497.5 0.0865916 0.36834 -9.98607 2.0809
498 -0.258456 0.264564 -7.34483 -7.41047
498.5 -0.357826 -0.0868606 2.38757 -10.2035
499 -0.115613 -0.356811 9.7074 -3.41439
499.5 0.23554 -0.303127 8.05321 6.0173
500 0.386736 0.0121917 -0.348477 9.96598
500.5 0.212957 0.316802 -8.51757 5.44744
501 -0.143447 0.343857 -9.46904 -4.19986
501.5 -0.363735 0.0539182 -1.52646 -10.3816
502 -0.235909 -0.287421 7.88258 -6.75191
502.5 0.114073 -0.363466 9.73592 2.80326
503 0.367538 -0.120475 3.16073 9.46207
503.5 0.312073 0.22458 -6.00268 8.04419
504 -0.00859607 0.375827 -10.2553 -0.494515
504.5 -0.31758 0.186993 -5.21771 -9.07734
505 -0.323468 -0.178256 4.91189 -9.22158
505.5 -0.0220498 -0.376876 10.1878 -0.858145
506 0.302977 -0.238263 6.29837 7.78206
506.5 0.372026 0.104096 -2.78343 9.59264
507 0.127507 0.357368 -9.66307 3.17776
507.5 -0.226237 0.29352 -8.13028 -6.50671
508 -0.36529 -0.0439404 1.19544 -10.4189
508.5 -0.155171 -0.340337 9.28314 -4.5051
509 0.200653 -0.326311 8.68913 5.09886
509.5 0.385901 -0.0293201 0.748567 9.9417
510 0.247045 0.292204 -7.83999 6.34533
510.5 -0.103171 0.359019 -9.86028 -3.08641
