0 1 0 0 1
0.07 0.900313 0.0676179 -2.94988 0.889542
0.14 0.546426 0.113211 -7.96138 0.188251
0.21 0.213035 -0.730872 29.5023 -23.2708
0.28 2.2506 -2.30785 28.9211 -22.2998
0.35 4.27062 -3.86446 28.8141 -22.1967
0.42 6.28591 -5.41672 28.7708 -22.1585
0.49 8.29897 -6.96705 28.7474 -22.1386
0.56 10.3107 -8.51629 28.7327 -22.1264
0.63 12.3217 -10.0648 28.7227 -22.1181
0.7 14.332 -11.6129 28.7154 -22.1122
0.77 16.3419 -13.1606 28.7098 -22.1077
0.84 18.3514 -14.708 28.7055 -22.1042
0.91 20.3606 -16.2552 28.7019 -22.1014
0.98 22.3697 -17.8022 28.699 -22.0991
1.05 24.3785 -19.349 28.6966 -22.0971
1.12 26.3872 -20.8958 28.6945 -22.0955
1.19 28.3958 -22.4424 28.6928 -22.0941
1.26 30.4042 -23.989 28.6912 -22.0929
1.33 32.4125 -25.5354 28.6899 -22.0918
1.4 34.4208 -27.0818 28.6887 -22.0908
1.47 36.4289 -28.6281 28.6876 -22.09
1.54 38.437 -30.1744 28.6866 -22.0892
1.61 40.4451 -31.7206 28.6858 -22.0886
1.68 42.4531 -33.2668 28.685 -22.088
1.75 44.461 -34.813 28.6843 -22.0874
1.82 46.4689 -36.3591 28.6836 -22.0869
1.89 48.4767 -37.9051 28.683 -22.0864
1.96 50.4845 -39.4512 28.6825 -22.086
2.03 52.4922 -40.9972 28.682 -22.0856
2.1 54.5 -42.5431 28.6815 -22.0852
2.17 56.5076 -44.0891 28.681 -22.0849
2.24 58.5153 -45.635 28.6806 -22.0846
2.31 60.5229 -47.1809 28.6802 -22.0843
2.38 62.5305 -48.7268 28.6799 -22.084
2.45 64.5381 -50.2727 28.6796 -22.0837
2.52 66.5457 -51.8185 28.6792 -22.0835
2.59 68.5532 -53.3644 28.6789 -22.0832
2.66 70.5607 -54.9102 28.6787 -22.083
2.73 72.5682 -56.456 28.6784 -22.0828
2.8 74.5757 -58.0018 28.6781 -22.0826
2.87 76.5832 -59.5476 28.6779 -22.0824
2.94 78.5906 -61.0933 28.6777 -22.0823
3.01 80.598 -62.6391 28.6775 -22.0821
3.08 82.6055 -64.1848 28.6773 -22.0819
3.15 84.6129 -65.7305 28.6771 -22.0818
3.22 86.6202 -67.2763 28.6769 -22.0816
3.29 88.6276 -68.822 28.6767 -22.0815
3.36 90.635 -70.3677 28.6765 -22.0814
3.43 92.6423 -71.9134 28.6764 -22.0812
3.5 94.6497 -73.459 28.6762 -22.0811
3.57 96.657 -75.0047 28.6761 -22.081
3.64 98.6643 -76.5504 28.6759 -22.0809
3.71 100.672 -78.096 28.6758 -22.0808
3.78 102.679 -79.6417 28.6757 -22.0807
3.85 104.686 -81.1873 28.6755 -22.0806
3.92 106.694 -82.733 28.6754 -22.0805
3.99 108.701 -84.2786 28.6753 -22.0804
4.06 110.708 -85.8242 28.6752 -22.0803
4.13 112.715 -87.3699 28.6751 -22.0802
4.2 114.723 -88.9155 28.675 -22.0801
4.27 116.73 -90.4611 28.6749 -22.0801
4.34 118.737 -92.0067 28.6748 -22.08
4.41 120.744 -93.5523 28.6747 -22.0799
4.48 122.751 -95.0979 28.6746 -22.0798
4.55 124.759 -96.6434 28.6745 -22.0798
4.62 126.766 -98.189 28.6744 -22.0797
4.69 128.773 -99.7346 28.6743 -22.0796
4.76 130.78 -101.28 28.6742 -22.0796
4.83 132.788 -102.826 28.6742 -22.0795
4.9 134.795 -104.371 28.6741 -22.0795
4.97 136.802 -105.917 28.674 -22.0794
5.04 138.809 -107.462 28.6739 -22.0793
5.11 140.816 -109.008 28.6739 -22.0793
5.18 142.823 -110.554 28.6738 -22.0792
5.25 144.831 -112.099 28.6737 -22.0792
5.32 146.838 -113.645 28.6737 -22.0791
5.39 148.845 -115.19 28.6736 -22.0791
5.46 150.852 -116.736 28.6735 -22.079
5.53 152.859 -118.281 28.6735 -22.079
5.6 154.866 -119.827 28.6734 -22.079
5.67 156.873 -121.372 28.6734 -22.0789
5.74 158.881 -122.918 28.6733 -22.0789
5.81 160.888 -124.463 28.6733 -22.0788
5.88 162.895 -126.009 28.6732 -22.0788
5.95 164.902 -127.554 28.6732 -22.0787
6.02 166.909 -129.1 28.6731 -22.0787
6.09 168.916 -130.645 28.6731 -22.0787
6.16 170.923 -132.191 28.673 -22.0786
6.23 172.93 -133.736 28.673 -22.0786
6.3 174.938 -135.282 28.6729 -22.0786
6.37 176.945 -136.827 28.6729 -22.0785
6.44 178.952 -138.373 28.6728 -22.0785
6.51 180.959 -139.918 28.6728 -22.0785
6.58 182.966 -141.464 28.6727 -22.0784
6.65 184.973 -143.009 28.6727 -22.0784
6.72 186.98 -144.555 28.6727 -22.0784
6.79 188.987 -146.1 28.6726 -22.0783
6.86 190.994 -147.646 28.6726 -22.0783
6.93 193.001 -149.191 28.6726 -22.0783
7 195.008 -150.737 28.6725 -22.0783
7.07 197.016 -152.282 28.6725 -22.0782
7.14 199.023 -153.828 28.6724 -22.0782
7.21 201.03 -155.373 28.6724 -22.0782
7.28 203.037 -156.919 28.6724 -22.0781
7.35 205.044 -158.464 28.6723 -22.0781
7.42 207.051 -160.01 28.6723 -22.0781
7.49 209.058 -161.555 28.6723 -22.0781
7.56 211.065 -163.101 28.6723 -22.078
7.63 213.072 -164.646 28.6722 -22.078
7.7 215.079 -166.191 28.6722 -22.078
7.77 217.086 -167.737 28.6722 -22.078
7.84 219.093 -169.282 28.6721 -22.078
7.91 221.1 -170.828 28.6721 -22.0779
7.98 223.107 -172.373 28.6721 -22.0779
8.05 225.114 -173.919 28.672 -22.0779
8.12 227.121 -175.464 28.672 -22.0779
8.19 229.128 -177.01 28.672 -22.0778
8.26 231.135 -178.555 28.672 -22.0778
8.33 233.142 -180.101 28.6719 -22.0778
8.4 235.15 -181.646 28.6719 -22.0778
8.47 237.157 -183.191 28.6719 -22.0778
8.54 239.164 -184.737 28.6719 -22.0778
8.61 241.171 -186.282 28.6718 -22.0777
8.68 243.178 -187.828 28.6718 -22.0777
8.75 245.185 -189.373 28.6718 -22.0777
8.82 247.192 -190.919 28.6718 -22.0777
8.89 249.199 -192.464 28.6718 -22.0777
8.96 251.206 -194.009 28.6717 -22.0776
9.03 253.213 -195.555 28.6717 -22.0776
9.1 255.22 -197.1 28.6717 -22.0776
9.17 257.227 -198.646 28.6717 -22.0776
9.24 259.234 -200.191 28.6716 -22.0776
9.31 261.241 -201.737 28.6716 -22.0776
9.38 263.248 -203.282 28.6716 -22.0775
9.45 265.255 -204.827 28.6716 -22.0775
9.52 267.262 -206.373 28.6716 -22.0775
9.59 269.269 -207.918 28.6716 -22.0775
9.66 271.276 -209.464 28.6715 -22.0775
9.73 273.283 -211.009 28.6715 -22.0775
9.8 275.29 -212.555 28.6715 -22.0775
9.87 277.297 -214.1 28.6715 -22.0774
9.94 279.304 -215.645 28.6715 -22.0774
10.01 281.311 -217.191 28.6714 -22.0774
10.08 283.318 -218.736 28.6714 -22.0774
10.15 285.325 -220.282 28.6714 -22.0774
10.22 287.332 -221.827 28.6714 -22.0774
10.29 289.339 -223.373 28.6714 -22.0774
10.36 291.346 -224.918 28.6714 -22.0774
10.43 293.353 -226.463 28.6713 -22.0773
10.5 295.36 -228.009 28.6713 -22.0773
10.57 297.367 -229.554 28.6713 -22.0773
10.64 299.374 -231.1 28.6713 -22.0773
10.71 301.381 -232.645 28.6713 -22.0773
10.78 303.388 -234.19 28.6713 -22.0773
10.85 305.395 -235.736 28.6713 -22.0773
10.92 307.402 -237.281 28.6712 -22.0773
10.99 309.409 -238.827 28.6712 -22.0773
11.06 311.416 -240.372 28.6712 -22.0772
11.13 313.423 -241.917 28.6712 -22.0772
11.2 315.43 -243.463 28.6712 -22.0772
11.27 317.437 -245.008 28.6712 -22.0772
11.34 319.444 -246.554 28.6712 -22.0772
11.41 321.451 -248.099 28.6711 -22.0772
11.48 323.458 -249.645 28.6711 -22.0772
11.55 325.465 -251.19 28.6711 -22.0772
11.62 327.472 -252.735 28.6711 -22.0772
11.69 329.479 -254.281 28.6711 -22.0771
11.76 331.486 -255.826 28.6711 -22.0771
11.83 333.493 -257.372 28.6711 -22.0771
11.9 335.5 -258.917 28.6711 -22.0771
11.97 337.506 -260.462 28.671 -22.0771
12.04 339.513 -262.008 28.671 -22.0771
12.11 341.52 -263.553 28.671 -22.0771
12.18 343.527 -265.098 28.671 -22.0771
12.25 345.534 -266.644 28.671 -22.0771
12.32 347.541 -268.189 28.671 -22.0771
12.39 349.548 -269.735 28.671 -22.0771
12.46 351.555 -271.28 28.671 -22.077
12.53 353.562 -272.825 28.6709 -22.077
12.6 355.569 -274.371 28.6709 -22.077
12.67 357.576 -275.916 28.6709 -22.077
12.74 359.583 -277.462 28.6709 -22.077
12.81 361.59 -279.007 28.6709 -22.077
12.88 363.597 -280.552 28.6709 -22.077
12.95 365.604 -282.098 28.6709 -22.077
13.02 367.611 -283.643 28.6709 -22.077
13.09 369.618 -285.189 28.6709 -22.077
13.16 371.625 -286.734 28.6709 -22.077
13.23 373.632 -288.279 28.6708 -22.077
13.3 375.639 -289.825 28.6708 -22.077
13.37 377.646 -291.37 28.6708 -22.0769
13.44 379.653 -292.916 28.6708 -22.0769
13.51 381.66 -294.461 28.6708 -22.0769
13.58 383.667 -296.006 28.6708 -22.0769
13.65 385.674 -297.552 28.6708 -22.0769
13.72 387.681 -299.097 28.6708 -22.0769
13.79 389.688 -300.642 28.6708 -22.0769
13.86 391.694 -302.188 28.6708 -22.0769
13.93 393.701 -303.733 28.6707 -22.0769
14 395.708 -305.279 28.6707 -22.0769
14.07 397.715 -306.824 28.6707 -22.0769
14.14 399.722 -308.369 28.6707 -22.0769
14.21 401.729 -309.915 28.6707 -22.0769
14.28 403.736 -311.46 28.6707 -22.0769
14.35 405.743 -313.005 28.6707 -22.0768
14.42 407.75 -314.551 28.6707 -22.0768
14.49 409.757 -316.096 28.6707 -22.0768
14.56 411.764 -317.642 28.6707 -22.0768
14.63 413.771 -319.187 28.6707 -22.0768
14.7 415.778 -320.732 28.6707 -22.0768
14.77 417.785 -322.278 28.6706 -22.0768
14.84 419.792 -323.823 28.6706 -22.0768
14.91 421.799 -325.369 28.6706 -22.0768
14.98 423.806 -326.914 28.6706 -22.0768
15.05 425.813 -328.459 28.6706 -22.0768
15.12 427.82 -330.005 28.6706 -22.0768
15.19 429.826 -331.55 28.6706 -22.0768
15.26 431.833 -333.095 28.6706 -22.0768
15.33 433.84 -334.641 28.6706 -22.0768
15.4 435.847 -336.186 28.6706 -22.0768
15.47 437.854 -337.732 28.6706 -22.0768
15.54 439.861 -339.277 28.6706 -22.0767
15.61 441.868 -340.822 28.6706 -22.0767
15.68 443.875 -342.368 28.6706 -22.0767
15.75 445.882 -343.913 28.6705 -22.0767
15.82 447.889 -345.458 28.6705 -22.0767
15.89 449.896 -347.004 28.6705 -22.0767
15.96 451.903 -348.549 28.6705 -22.0767
16.03 453.91 -350.094 28.6705 -22.0767
16.1 455.917 -351.64 28.6705 -22.0767
16.17 457.924 -353.185 28.6705 -22.0767
16.24 459.931 -354.731 28.6705 -22.0767
16.31 461.937 -356.276 28.6705 -22.0767
16.38 463.944 -357.821 28.6705 -22.0767
16.45 465.951 -359.367 28.6705 -22.0767
16.52 467.958 -360.912 28.6705 -22.0767
16.59 469.965 -362.457 28.6705 -22.0767
16.66 471.972 -364.003 28.6705 -22.0767
16.73 473.979 -365.548 28.6705 -22.0767
16.8 475.986 -367.094 28.6704 -22.0767
16.87 477.993 -368.639 28.6704 -22.0767
16.94 480 -370.184 28.6704 -22.0766
17.01 482.007 -371.73 28.6704 -22.0766
17.08 484.014 -373.275 28.6704 -22.0766
17.15 486.021 -374.82 28.6704 -22.0766
17.22 488.028 -376.366 28.6704 -22.0766
17.29 490.035 -377.911 28.6704 -22.0766
17.36 492.041 -379.456 28.6704 -22.0766
17.43 494.048 -381.002 28.6704 -22.0766
17.5 496.055 -382.547 28.6704 -22.0766
17.57 498.062 -384.093 28.6704 -22.0766
17.64 500.069 -385.638 28.6704 -22.0766
17.71 502.076 -387.183 28.6704 -22.0766
17.78 504.083 -388.729 28.6704 -22.0766
17.85 506.09 -390.274 28.6704 -22.0766
17.92 508.097 -391.819 28.6704 -22.0766
17.99 510.104 -393.365 28.6704 -22.0766
18.06 512.111 -394.91 28.6703 -22.0766
18.13 514.118 -396.455 28.6703 -22.0766
18.2 516.125 -398.001 28.6703 -22.0766
18.27 518.132 -399.546 28.6703 -22.0766
18.34 520.138 -401.091 28.6703 -22.0766
18.41 522.145 -402.637 28.6703 -22.0766
18.48 524.152 -404.182 28.6703 -22.0766
18.55 526.159 -405.728 28.6703 -22.0765
18.62 528.166 -407.273 28.6703 -22.0765
18.69 530.173 -408.818 28.6703 -22.0765
18.76 532.18 -410.364 28.6703 -22.0765
18.83 534.187 -411.909 28.6703 -22.0765
