0 1.524 0 0 5.1
0.5 -0.148183 1.52362 -5.05545 -0.470981
1 -1.51257 -0.269377 0.890569 -4.97992
1.5 0.390973 -1.47777 4.91035 1.31983
2 1.42764 0.53444 -1.78076 4.77761
2.5 -0.668892 1.3793 -4.57025 -2.19564
3 -1.32578 -0.774856 2.56297 -4.36456
3.5 0.881078 -1.2467 4.14798 2.95218
4 1.15086 1.00136 -3.33409 3.85256
4.5 -1.10649 1.0635 -3.51977 -3.64135
5 -0.975044 -1.18449 3.92154 -3.20743
5.5 1.26029 -0.858792 2.86023 4.21813
6 0.728957 1.34204 -4.46338 2.44506
6.5 -1.40704 0.615928 -2.03685 -4.63232
7 -0.503416 -1.4472 4.79734 -1.64808
7.5 1.48044 -0.362524 1.20811 4.95423
8 0.2154 1.51409 -5.02867 0.736095
8.5 -1.53369 0.0922118 -0.304837 -5.04945
9 0.0308283 -1.52977 5.07827 0.123035
9.5 1.51343 0.179561 -0.598436 5.06462
10 -0.325166 1.49662 -4.9635 -1.05771
10.5 -1.47097 -0.442893 1.46438 -4.84293
11 0.561171 -1.42114 4.72432 1.88621
11.5 1.35505 0.698946 -2.32845 4.53486
12 -0.825249 1.2926 -4.28118 -2.71259
12.5 -1.22655 -0.923274 3.0547 -4.0374
13 1.02104 -1.13415 3.77492 3.41912
13.5 1.02552 1.13008 -3.7614 3.43408
14 -1.22291 0.928072 -3.07059 -4.02538
14.5 -0.830337 -1.28936 4.2704 -2.7294
15 1.35227 -0.704333 2.34638 4.52556
15.5 0.566786 1.41889 -4.71689 1.9049
16 -1.46922 0.448655 -1.48344 -4.83716
16.5 -0.331069 -1.49535 4.95922 -1.07727
17 1.5127 -0.185582 0.618507 5.0622
17.5 0.03687 1.52962 -5.07783 0.143093
18 -1.53404 -0.0862003 0.284968 -5.05061
18.5 0.209415 -1.51495 5.03146 0.716208
19 1.48186 0.35663 -1.18847 4.959
19.5 -0.497704 1.44915 -4.80388 -1.62917
20 -1.40945 -0.610409 2.01859 -4.64027
20.5 0.723641 -1.34494 4.47296 2.42735
21 1.26368 0.853768 -2.84352 4.22946
21.5 -0.970369 1.1883 -3.9342 -3.192
22 -1.11067 -1.05916 3.50536 -3.65514
22.5 1.14689 -1.00594 3.34929 3.83929
23 0.886007 1.24318 -4.13631 2.96862
23.5 -1.32272 0.780046 -2.58015 -4.35447
24 -0.674326 -1.37668 4.56149 -2.21362
24.5 1.42551 -0.540119 1.79968 4.77049
25 0.396814 1.47619 -4.90517 1.33925
25.5 -1.5115 0.275304 -0.910163 -4.97639
26 -0.154199 -1.52305 5.05347 -0.490934
26.5 1.52399 -0.00606705 0.0202257 5.09996
27 -0.142165 1.52418 -5.05735 -0.451018
27.5 -1.51362 -0.263444 0.870958 -4.98338
28 0.385126 -1.47933 4.91546 1.30038
28.5 1.42974 0.528751 -1.76181 4.78466
29 -0.663446 1.38191 -4.57893 -2.17763
29.5 -1.32883 -0.769651 2.54574 -4.37459
30 0.876134 -1.25021 4.15958 2.9357
30.5 1.15482 0.996769 -3.31882 3.86578
31 -1.10229 1.06783 -3.53413 -3.62748
31.5 -0.979706 -1.18066 3.90882 -3.22283
32 1.25687 -0.863804 2.87691 4.20672
32.5 0.734265 1.33912 -4.45372 2.46275
33 -1.4046 0.621442 -2.05509 -4.62429
33.5 -0.509125 -1.44523 4.79073 -1.66698
34 1.47899 -0.368418 1.22775 4.94938
34.5 0.221386 1.5132 -5.02579 0.755988
35 -1.53331 0.0982272 -0.324718 -5.04822
35.5 0.0247804 -1.52991 5.07864 0.102957
36 1.51413 0.173531 -0.578335 5.06697
36.5 -0.319252 1.49787 -4.96771 -1.03811
37 -1.47271 -0.437119 1.44529 -4.84864
37.5 0.55554 -1.42337 4.73168 1.86746
38 1.35781 0.693542 -2.31045 4.54409
38.5 -0.820143 1.29582 -4.2919 -2.69571
39 -1.23018 -0.918455 3.03873 -4.04938
39.5 1.01653 -1.13822 3.7884 3.40409
40 1.02999 1.12598 -3.7478 3.449
40.5 -1.21924 0.932863 -3.08647 -4.01328
41 -0.835418 -1.2861 4.25954 -2.7462
41.5 1.34946 -0.709717 2.3643 4.51619
42 0.572401 1.41661 -4.70938 1.92359
42.5 -1.46744 0.454417 -1.50249 -4.83129
43 -0.336976 -1.49405 4.95485 -1.09684
43.5 1.51196 -0.191609 0.638598 5.0597
44 0.04292 1.52944 -5.0773 0.163179
44.5 -1.53437 -0.0801785 0.265066 -5.05169
45 0.203418 -1.51579 5.03418 0.696281
45.5 1.48327 0.350721 -1.16877 4.9637
46 -0.491975 1.45109 -4.81034 -1.6102
46.5 -1.41185 -0.604872 2.00027 -4.64816
47 0.718305 -1.34782 4.48248 2.40958
47.5 1.26706 0.848723 -2.82674 4.24075
48 -0.965672 1.19209 -3.94681 -3.17648
48.5 -1.11484 -1.05479 3.49088 -3.66891
49 1.14289 -1.0105 3.36446 3.82593
49.5 0.890929 1.23964 -4.12456 2.98503
50 -1.31964 0.785233 -2.59733 -4.3443
50.5 -0.679759 -1.37403 4.55265 -2.23159
51 1.42335 -0.545798 1.8186 4.76328
51.5 0.402658 1.47458 -4.8999 1.35869
52 -1.5104 0.281238 -0.929777 -4.97278
52.5 -0.160222 -1.52245 5.05142 -0.510912
53 1.52395 -0.0121442 0.0404851 5.09984
53.5 -0.136134 1.5247 -5.05917 -0.431014
54 -1.51465 -0.257497 0.851301 -4.98676
54.5 0.379262 -1.48087 4.9205 1.28088
55 1.43183 0.523045 -1.7428 4.79164
55.5 -0.65798 1.38449 -4.58757 -2.15955
56 -1.33185 -0.764426 2.52844 -4.38457
56.5 0.871168 -1.25369 4.17115 2.91914
57 1.15877 0.992154 -3.30348 3.87897
57.5 -1.09807 1.07215 -3.54846 -3.61354
58 -0.984361 -1.1768 3.89602 -3.2382
58.5 1.25343 -0.868812 2.89356 4.19522
59 0.73957 1.33618 -4.44398 2.48043
59.5 -1.40214 0.626956 -2.07333 -4.61617
60 -0.514835 -1.44323 4.78404 -1.68589
60.5 1.47751 -0.374316 1.2474 4.94445
61 0.227379 1.51229 -5.02283 0.775903
61.5 -1.53292 0.104251 -0.344628 -5.0469
62 0.018722 -1.53002 5.07893 0.0828449
62.5 1.51481 0.167488 -0.558191 5.06923
63 -0.313323 1.4991 -4.97186 -1.01846
63.5 -1.47442 -0.431328 1.42614 -4.85429
64 0.549891 -1.42559 4.73899 1.84866
64.5 1.36055 0.688118 -2.2924 4.55327
65 -0.815015 1.29903 -4.30257 -2.67876
65.5 -1.2338 -0.913614 3.02269 -4.06131
66 1.01201 -1.14227 3.80185 3.38898
66.5 1.03446 1.12186 -3.73411 3.4639
67 -1.21555 0.937647 -3.10232 -4.0011
67.5 -0.840496 -1.28281 4.2486 -2.76298
68 1.34663 -0.715098 2.38222 4.50672
68.5 0.578016 1.4143 -4.70177 1.94229
69 -1.46564 0.460182 -1.52155 -4.82535
69.5 -0.342887 -1.49273 4.95039 -1.11643
70 1.51118 -0.197643 0.658712 5.05711
70.5 0.0489795 1.52923 -5.07669 0.183298
71 -1.53467 -0.0741454 0.245126 -5.05269
71.5 0.197408 -1.51661 5.03683 0.67631
72 1.48465 0.344796 -1.14903 4.96832
72.5 -0.486228 1.453 -4.81675 -1.59117
73 -1.41422 -0.599316 1.98189 -4.656
73.5 0.712949 -1.35069 4.49195 2.39173
74 1.27042 0.843657 -2.80988 4.25199
74.5 -0.960952 1.19588 -3.95938 -3.16089
75 -1.119 -1.0504 3.47631 -3.68263
75.5 1.13886 -1.01506 3.37961 3.81249
76 0.895846 1.23606 -4.11272 3.00143
76.5 -1.31652 0.790417 -2.61449 -4.33404
77 -0.68519 -1.37135 4.54372 -2.24955
77.5 1.42117 -0.551479 1.83752 4.75598
78 0.408505 1.47295 -4.89454 1.37814
78.5 -1.50928 0.287177 -0.949409 -4.96908
79 -0.166254 -1.52183 5.04928 -0.530915
79.5 1.52389 -0.0182313 0.0607778 5.09964
80 -0.130091 1.52521 -5.06091 -0.410969
80.5 -1.51565 -0.251537 0.831598 -4.99007
81 0.373383 -1.48238 4.92548 1.26132
81.5 1.4339 0.517321 -1.72373 4.79856
82 -0.652495 1.38707 -4.59614 -2.1414
82.5 -1.33486 -0.759181 2.51108 -4.39449
83 0.866179 -1.25717 4.18266 2.9025
83.5 1.16271 0.987515 -3.28807 3.89211
84 -1.09382 1.07646 -3.56276 -3.59952
84.5 -0.989008 -1.17292 3.88314 -3.25355
85 1.24997 -0.873814 2.9102 4.18364
85.5 0.744873 1.33321 -4.43415 2.4981
86 -1.39965 0.632468 -2.09157 -4.60797
86.5 -0.520548 -1.4412 4.77725 -1.7048
87 1.47601 -0.380217 1.26707 4.93943
87.5 0.233378 1.51135 -5.01979 0.79584
88 -1.53249 0.110284 -0.364566 -5.0455
88.5 0.0126531 -1.5301 5.07915 0.0626985
89 1.51546 0.161432 -0.538005 5.07142
89.5 -0.307379 1.5003 -4.97593 -0.998764
90 -1.47611 -0.425521 1.40694 -4.85986
90.5 0.544224 -1.42778 4.74622 1.82979
91 1.36328 0.682674 -2.27427 4.56239
91.5 -0.809866 1.30222 -4.3132 -2.66174
92 -1.2374 -0.90875 3.00658 -4.07319
92.5 1.00746 -1.14631 3.81525 3.3738
93 1.03891 1.11771 -3.72035 3.47876
93.5 -1.21183 0.942425 -3.11815 -3.98883
94 -0.845568 -1.27949 4.23757 -2.77974
94.5 1.34377 -0.720476 2.40012 4.49717
95 0.583631 1.41197 -4.69409 1.96098
95.5 -1.46381 0.46595 -1.54063 -4.81932
96 -0.348802 -1.49138 4.94585 -1.13603
96.5 1.51038 -0.203685 0.678849 5.05443
97 0.0550484 1.529 -5.076 0.203448
97.5 -1.53495 -0.068101 0.225149 -5.05361
98 0.191385 -1.5174 5.0394 0.656296
98.5 1.48601 0.338856 -1.12923 4.97288
99 -0.480465 1.45489 -4.82309 -1.57209
99.5 -1.41658 -0.593741 1.96345 -4.66377
100 0.707573 -1.35353 4.50137 2.37382
100.5 1.27377 0.838568 -2.79295 4.26318
101 -0.956209 1.19965 -3.97191 -3.14523
101.5 -1.12315 -1.04599 3.46167 -3.69633
102 1.13481 -1.01961 3.39472 3.79897
102.5 0.900757 1.23247 -4.10079 3.0178
103 -1.31339 0.795597 -2.63164 -4.32369
103.5 -0.69062 -1.36865 4.53471 -2.26751
104 1.41896 -0.55716 1.85645 4.74859
104.5 0.414356 1.47129 -4.8891 1.3976
105 -1.50814 0.293121 -0.969059 -4.9653
105.5 -0.172292 -1.52118 5.04705 -0.550942
106 1.52381 -0.0243284 0.0811035 5.09935
106.5 -0.124035 1.52569 -5.06258 -0.390883
107 -1.51664 -0.245562 0.81185 -4.99331
107.5 0.367488 -1.48388 4.93038 1.24172
108 1.43595 0.511579 -1.7046 4.80542
108.5 -0.646991 1.38962 -4.60466 -2.12319
109 -1.33786 -0.753914 2.49365 -4.40436
109.5 0.861169 -1.26063 4.19413 2.8858
110 1.16663 0.982853 -3.27257 3.90521
110.5 -1.08955 1.08076 -3.57702 -3.58542
111 -0.993647 -1.16902 3.87017 -3.26887
111.5 1.24648 -0.878811 2.92682 4.17198
112 0.750172 1.33021 -4.42423 2.51576
112.5 -1.39714 0.637981 -2.10981 -4.59969
113 -0.526261 -1.43915 4.77038 -1.72371
113.5 1.47448 -0.386123 1.28675 4.93431
114 0.239384 1.51039 -5.01666 0.815799
114.5 -1.53204 0.116325 -0.384531 -5.04403
115 0.00657391 -1.53016 5.07928 0.0425183
115.5 1.51609 0.155364 -0.517776 5.07354
116 -0.30142 1.50149 -4.97993 -0.979016
116.5 -1.47779 -0.419698 1.38769 -4.86538
117 0.538539 -1.42996 4.7534 1.81087
117.5 1.36599 0.67721 -2.25608 4.57145
118 -0.804696 1.3054 -4.32378 -2.64465
118.5 -1.24099 -0.903865 2.99039 -4.08503
119 1.00288 -1.15033 3.82862 3.35853
119.5 1.04335 1.11354 -3.7065 3.49359
120 -1.20808 0.947195 -3.13396 -3.97649
120.5 -0.850636 -1.27615 4.22646 -2.79649
121 1.34089 -0.725853 2.41802 4.48753
121.5 0.589247 1.40961 -4.68631 1.97968
122 -1.46195 0.47172 -1.55971 -4.8132
122.5 -0.354722 -1.49001 4.94123 -1.15565
123 1.50956 -0.209733 0.699009 5.05167
123.5 0.0611265 1.52875 -5.07522 0.223629
124 -1.53521 -0.0620454 0.205135 -5.05446
124.5 0.185348 -1.51818 5.04189 0.636239
125 1.48735 0.3329 -1.10938 4.97736
125.5 -0.474684 1.45676 -4.82936 -1.55295
126 -1.41892 -0.588148 1.94495 -4.67149
126.5 0.702176 -1.35636 4.51072 2.35584
127 1.27711 0.833458 -2.77595 4.27432
127.5 -0.951443 1.20341 -3.98441 -3.12948
128 -1.12729 -1.04155 3.44695 -3.70999
128.5 1.13074 -1.02415 3.40981 3.78536
129 0.905662 1.22884 -4.08878 3.03416
129.5 -1.31022 0.800773 -2.64877 -4.31326
130 -0.696048 -1.36592 4.52561 -2.28546
130.5 1.41673 -0.562842 1.87537 4.74112
131 0.42021 1.46961 -4.88356 1.41708
131.5 -1.50696 0.299071 -0.988727 -4.96144
132 -0.178338 -1.52051 5.04475 -0.570992
132.5 1.5237 -0.0304352 0.101462 5.09899
133 -0.117968 1.52615 -5.06417 -0.370756
133.5 -1.5176 -0.239574 0.792055 -4.99647
134 0.361577 -1.48535 4.93521 1.22206
134.5 1.43798 0.505819 -1.68542 4.81221
135 -0.641467 1.39215 -4.61312 -2.10492
135.5 -1.34084 -0.748628 2.47615 -4.41418
136 0.856136 -1.26408 4.20554 2.86902
136.5 1.17054 0.978167 -3.25699 3.91828
137 -1.08525 1.08505 -3.59126 -3.57124
137.5 -0.998279 -1.16509 3.85712 -3.28417
138 1.24296 -0.883802 2.94343 4.16023
138.5 0.755469 1.32718 -4.41422 2.53341
139 -1.39459 0.643492 -2.12804 -4.59131
139.5 -0.531976 -1.43707 4.76343 -1.74263
140 1.47293 -0.392032 1.30644 4.92912
140.5 0.245396 1.5094 -5.01345 0.83578
141 -1.53157 0.122374 -0.404524 -5.04247
141.5 0.000484398 -1.5302 5.07933 0.0223046
142 1.5167 0.149283 -0.497505 5.07557
142.5 -0.295447 1.50265 -4.98386 -0.959219
143 -1.47944 -0.413858 1.36838 -4.87082
143.5 0.532835 -1.43212 4.76051 1.79189
144 1.36869 0.671726 -2.23782 4.58045
144.5 -0.799504 1.30856 -4.33431 -2.62749
145 -1.24457 -0.898956 2.97413 -4.09683
145.5 0.998282 -1.15435 3.84195 3.34319
146 1.04779 1.10935 -3.69257 3.5084
146.5 -1.20432 0.951959 -3.14975 -3.96405
147 -0.855699 -1.27279 4.21526 -2.81322
147.5 1.33798 -0.731226 2.43591 4.4778
148 0.594862 1.40723 -4.67844 1.99837
148.5 -1.46007 0.477492 -1.57879 -4.807
149 -0.360647 -1.48861 4.93652 -1.17527
149.5 1.50871 -0.215787 0.719192 5.04883
150 0.0672138 1.52847 -5.07437 0.243842
150.5 -1.53545 -0.0559787 0.185085 -5.05523
151 0.179299 -1.51893 5.04431 0.61614
151.5 1.48867 0.32693 -1.08948 4.98177
152 -0.468886 1.45862 -4.83557 -1.53375
152.5 -1.42125 -0.582536 1.92638 -4.67914
153 0.69676 -1.35918 4.52003 2.3378
153.5 1.28043 0.828325 -2.75887 4.28541
154 -0.946654 1.20716 -3.99686 -3.11366
154.5 -1.13142 -1.03709 3.43216 -3.72361
155 1.12664 -1.02868 3.42487 3.77167
155.5 0.91056 1.2252 -4.07669 3.0505
156 -1.30703 0.805945 -2.6659 -4.30275
156.5 -0.701474 -1.36316 4.51643 -2.30341
157 1.41446 -0.568524 1.8943 4.73356
157.5 0.426067 1.4679 -4.87795 1.43656
158 -1.50576 0.305026 -1.00841 -4.95749
158.5 -0.184392 -1.51981 5.04236 -0.591067
159 1.52356 -0.0365518 0.121853 5.09854
159.5 -0.111889 1.52658 -5.06568 -0.350589
160 -1.51854 -0.233572 0.772216 -4.99957
160.5 0.355651 -1.48681 4.93997 1.20235
161 1.44 0.500042 -1.66617 4.81894
161.5 -0.635924 1.39467 -4.62152 -2.08658
162 -1.3438 -0.74332 2.45858 -4.42395
162.5 0.851081 -1.26751 4.21691 2.85216
163 1.17444 0.973458 -3.24134 3.9313
163.5 -1.08093 1.08934 -3.60546 -3.55698
164 -1.0029 -1.16113 3.84399 -3.29944
164.5 1.23942 -0.888788 2.96001 4.14839
165 0.760762 1.32413 -4.40413 2.55104
165.5 -1.39203 0.649003 -2.14627 -4.58286
166 -0.537692 -1.43496 4.75639 -1.76155
166.5 1.47135 -0.397944 1.32615 4.92383
167 0.251414 1.50839 -5.01015 0.855781
167.5 -1.53107 0.128431 -0.424544 -5.04083
168 -0.00561528 -1.53021 5.0793 0.00205782
168.5 1.51729 0.143189 -0.477192 5.07753
169 -0.289459 1.50379 -4.98771 -0.939373
169.5 -1.48107 -0.408002 1.34902 -4.8762
170 0.527114 -1.43426 4.76756 1.77284
170.5 1.37136 0.666221 -2.21949 4.5894
171 -0.794291 1.31171 -4.34478 -2.61025
171.5 -1.24813 -0.894026 2.9578 -4.10858
172 0.99366 -1.15835 3.85524 3.32777
172.5 1.05222 1.10512 -3.67855 3.52317
173 -1.20052 0.956716 -3.16551 -3.95154
173.5 -0.860756 -1.26939 4.20398 -2.82994
174 1.33504 -0.736597 2.45379 4.46799
174.5 0.600477 1.40482 -4.67049 2.01707
175 -1.45816 0.483266 -1.59789 -4.80071
175.5 -0.366575 -1.48718 4.93173 -1.19492
176 1.50783 -0.221849 0.739396 5.0459
176.5 0.0733102 1.52816 -5.07343 0.264085
177 -1.53566 -0.0499011 0.164998 -5.05593
177.5 0.173236 -1.51965 5.04665 0.595998
178 1.48997 0.320944 -1.06953 4.98611
178.5 -0.463071 1.46045 -4.84171 -1.5145
179 -1.42355 -0.576906 1.90776 -4.68673
179.5 0.691323 -1.36197 4.52927 2.31968
180 1.28373 0.823171 -2.74172 4.29645
180.5 -0.941843 1.21089 -4.00926 -3.09777
181 -1.13553 -1.0326 3.41728 -3.73719
181.5 1.12251 -1.0332 3.43989 3.7579
182 0.915452 1.22152 -4.06451 3.06681
182.5 -1.30382 0.811113 -2.68301 -4.29214
183 -0.706898 -1.36038 4.50716 -2.32135
183.5 1.41218 -0.574207 1.91323 4.72591
184 0.431927 1.46616 -4.87224 1.45605
184.5 -1.50454 0.310986 -1.02812 -4.95346
185 -0.190452 -1.51908 5.03988 -0.611164
185.5 1.5234 -0.042678 0.142275 5.09801
186 -0.105798 1.52699 -5.06712 -0.330382
186.5 -1.51945 -0.227556 0.752331 -5.00259
187 0.349709 -1.48824 4.94466 1.18259
187.5 1.44199 0.494246 -1.64686 4.82559
188 -0.630361 1.39717 -4.62986 -2.06817
188.5 -1.34674 -0.737992 2.44094 -4.43366
189 0.846005 -1.27093 4.22823 2.83524
189.5 1.17833 0.968725 -3.22561 3.94428
190 -1.07659 1.09361 -3.61963 -3.54263
190.5 -1.00752 -1.15715 3.83078 -3.31468
191 1.23585 -0.893767 2.97657 4.13647
191.5 0.766052 1.32106 -4.39395 2.56867
192 -1.38944 0.654512 -2.1645 -4.57431
192.5 -0.543409 -1.43283 4.74926 -1.78047
193 1.46974 -0.40386 1.34586 4.91846
193.5 0.257438 1.50735 -5.00677 0.875803
194 -1.53055 0.134496 -0.444591 -5.03911
194.5 -0.011725 -1.5302 5.07919 -0.0182218
195 1.51785 0.137083 -0.456837 5.07941
195.5 -0.283456 1.50491 -4.99149 -0.919478
196 -1.48268 -0.40213 1.3296 -4.8815
196.5 0.521375 -1.43638 4.77454 1.75374
197 1.37402 0.660697 -2.20109 4.59829
197.5 -0.789057 1.31484 -4.35521 -2.59295
198 -1.25168 -0.889073 2.94139 -4.12029
198.5 0.989015 -1.16235 3.86848 3.31227
199 1.05663 1.10088 -3.66446 3.53791
199.5 -1.1967 0.961466 -3.18125 -3.93894
200 -0.865809 -1.26598 4.19262 -2.84663
200.5 1.33208 -0.741965 2.47165 4.45809
201 0.606092 1.40238 -4.66245 2.03577
201.5 -1.45622 0.489043 -1.61699 -4.79433
202 -0.372508 -1.48573 4.92685 -1.21457
202.5 1.50693 -0.227917 0.759622 5.04288
203 0.0794155 1.52784 -5.07242 0.284358
203.5 -1.53584 -0.0438126 0.144875 -5.05654
204 0.167161 -1.52036 5.04892 0.575813
204.5 1.49124 0.314943 -1.04953 4.99038
205 -0.457239 1.46226 -4.84779 -1.49518
205.5 -1.42584 -0.571257 1.88907 -4.69426
206 0.685866 -1.36475 4.53846 2.30151
206.5 1.28702 0.817995 -2.7245 4.30744
207 -0.937008 1.21461 -4.02163 -3.0818
207.5 -1.13964 -1.02809 3.40233 -3.75074
208 1.11836 -1.03772 3.45489 3.74405
208.5 0.920337 1.21782 -4.05224 3.0831
209 -1.30058 0.816277 -2.70011 -4.28146
209.5 -0.712319 -1.35757 4.4978 -2.33928
210 1.40986 -0.579889 1.93215 4.71817
210.5 0.437789 1.4644 -4.86645 1.47556
211 -1.50329 0.316951 -1.04783 -4.94934
211.5 -0.19652 -1.51833 5.03732 -0.631284
212 1.52322 -0.0488136 0.162729 5.09739
212.5 -0.0996948 1.52738 -5.06848 -0.310135
213 -1.52035 -0.221527 0.732402 -5.00553
213.5 0.343752 -1.48965 4.94928 1.16278
214 1.44396 0.488434 -1.62749 4.83219
214.5 -0.62478 1.39965 -4.63814 -2.04971
215 -1.34967 -0.732644 2.42324 -4.44332
215.5 0.840906 -1.27433 4.23951 2.81824
216 1.18221 0.963969 -3.2098 3.95723
216.5 -1.07222 1.09787 -3.63377 -3.52821
217 -1.01213 -1.15315 3.81748 -3.32989
217.5 1.23225 -0.89874 2.99311 4.12446
218 0.771338 1.31795 -4.38368 2.58629
218.5 -1.38682 0.66002 -2.18273 -4.56568
219 -0.549126 -1.43067 4.74204 -1.7994
219.5 1.46811 -0.40978 1.36559 4.913
220 0.263468 1.50628 -5.0033 0.895845
220.5 -1.53 0.14057 -0.464664 -5.0373
221 -0.0178448 -1.53017 5.079 -0.0385339
221.5 1.51839 0.130965 -0.436442 5.08121
222 -0.277439 1.50601 -4.9952 -0.899534
222.5 -1.48428 -0.396242 1.31013 -4.88674
223 0.515618 -1.43848 4.78146 1.73458
223.5 1.37666 0.655154 -2.18263 4.60711
224 -0.783801 1.31796 -4.36558 -2.57558
224.5 -1.25522 -0.884098 2.92491 -4.13195
225 0.984345 -1.16633 3.88169 3.29669
225.5 1.06104 1.09661 -3.65028 3.55262
226 -1.19286 0.966208 -3.19697 -3.92626
226.5 -0.870856 -1.26253 4.18117 -2.86331
227 1.32909 -0.74733 2.48951 4.44809
227.5 0.611707 1.39992 -4.65432 2.05446
228 -1.45426 0.494821 -1.6361 -4.78787
228.5 -0.378444 -1.48425 4.92188 -1.23424
229 1.506 -0.233991 0.779869 5.03978
229.5 0.0855297 1.52748 -5.07131 0.304662
230 -1.53601 -0.0377133 0.124717 -5.05708
230.5 0.161073 -1.52104 5.0511 0.555587
231 1.4925 0.308926 -1.02948 4.99457
231.5 -0.451391 1.46406 -4.8538 -1.47581
232 -1.4281 -0.56559 1.87033 -4.70173
232.5 0.680389 -1.36752 4.54758 2.28326
233 1.2903 0.812797 -2.7072 4.31839
233.5 -0.932151 1.21832 -4.03395 -3.06575
234 -1.14373 -1.02356 3.3873 -3.76425
234.5 1.11419 -1.04222 3.46985 3.73011
235 0.925216 1.2141 -4.03989 3.09937
235.5 -1.29731 0.821436 -2.71719 -4.27068
236 -0.717739 -1.35474 4.48835 -2.3572
236.5 1.40752 -0.585572 1.95108 4.71034
237 0.443655 1.46261 -4.86057 1.49507
237.5 -1.50201 0.322921 -1.06757 -4.94514
238 -0.202594 -1.51756 5.03468 -0.651427
238.5 1.52301 -0.0549587 0.183215 5.0967
239 -0.0935801 1.52774 -5.06975 -0.289848
239.5 -1.52122 -0.215484 0.712428 -5.0084
240 0.337779 -1.49104 4.95382 1.14292
240.5 1.44591 0.482603 -1.60807 4.83871
241 -0.619179 1.40212 -4.64637 -2.03117
241.5 -1.35259 -0.727275 2.40547 -4.45292
242 0.835785 -1.27772 4.25073 2.80117
242.5 1.18607 0.959189 -3.19391 3.97012
243 -1.06782 1.10212 -3.64787 -3.51371
243.5 -1.01672 -1.14912 3.80411 -3.34508
244 1.22863 -0.903707 3.00963 4.11236
244.5 0.776621 1.31483 -4.37333 2.60389
245 -1.38417 0.665527 -2.20095 -4.55696
245.5 -0.554845 -1.42849 4.73474 -1.81833
246 1.46645 -0.415703 1.38532 4.90745
246.5 0.269503 1.50519 -4.99974 0.915907
247 -1.52943 0.146651 -0.484763 -5.03542
247.5 -0.0239744 -1.53011 5.07873 -0.0588782
248 1.5189 0.124834 -0.416005 5.08293
248.5 -0.271408 1.50709 -4.99884 -0.879542
249 -1.48585 -0.390337 1.29061 -4.89192
249.5 0.509843 -1.44056 4.78831 1.71536
250 1.37929 0.64959 -2.16411 4.61588
250.5 -0.778525 1.32106 -4.3759 -2.55813
251 -1.25874 -0.879101 2.90836 -4.14356
251.5 0.979652 -1.1703 3.89485 3.28103
252 1.06544 1.09231 -3.63601 3.5673
252.5 -1.18899 0.970943 -3.21266 -3.91349
253 -0.875898 -1.25907 4.16963 -2.87997
253.5 1.32607 -0.752692 2.50736 4.43802
254 0.617321 1.39743 -4.6461 2.07316
254.5 -1.45228 0.500601 -1.65521 -4.78133
255 -0.384384 -1.48275 4.91682 -1.25392
255.5 1.50505 -0.240072 0.800137 5.03659
256 0.0916526 1.5271 -5.07013 0.324995
256.5 -1.53614 -0.0316032 0.104523 -5.05753
257 0.154972 -1.52169 5.05321 0.53532
257.5 1.49373 0.302895 -1.00938 4.99868
258 -0.445525 1.46583 -4.85974 -1.45639
258.5 -1.43035 -0.559904 1.85152 -4.70914
259 0.674891 -1.37026 4.55665 2.26495
259.5 1.29355 0.807578 -2.68983 4.32927
260 -0.92727 1.22202 -4.04623 -3.04963
260.5 -1.14782 -1.019 3.37219 -3.77772
261 1.10999 -1.04672 3.48478 3.71609
261.5 0.930088 1.21034 -4.02745 3.11562
262 -1.29402 0.826591 -2.73426 -4.25982
262.5 -0.723156 -1.35188 4.47882 -2.37512
263 1.40515 -0.591255 1.97001 4.70242
263.5 0.449523 1.46079 -4.8546 1.51459
264 -1.50071 0.328896 -1.08732 -4.94085
264.5 -0.208675 -1.51676 5.03195 -0.671592
265 1.52278 -0.061113 0.203732 5.09591
265.5 -0.0874538 1.52808 -5.07095 -0.269523
266 -1.52207 -0.209428 0.69241 -5.0112
266.5 0.331791 -1.49241 4.9583 1.12301
267 1.44784 0.476755 -1.58859 4.84517
267.5 -0.613559 1.40456 -4.65453 -2.01258
268 -1.35548 -0.721885 2.38763 -4.46247
268.5 0.830642 -1.28109 4.2619 2.78402
269 1.18992 0.954386 -3.17794 3.98298
269.5 -1.0634 1.10636 -3.66194 -3.49912
270 -1.02131 -1.14507 3.79065 -3.36023
270.5 1.22499 -0.908668 3.02612 4.10018
271 0.7819 1.31167 -4.36288 2.62149
271.5 -1.3815 0.671033 -2.21917 -4.54815
272 -0.560564 -1.42628 4.72735 -1.83725
272.5 1.46476 -0.421628 1.40507 4.90181
273 0.275545 1.50407 -4.9961 0.935988
273.5 -1.52883 0.15274 -0.504888 -5.03344
274 -0.0301138 -1.53002 5.07837 -0.0792543
274.5 1.51939 0.118692 -0.395527 5.08457
275 -0.265362 1.50814 -5.0024 -0.859502
275.5 -1.48739 -0.384417 1.27104 -4.89702
276 0.50405 -1.44262 4.79509 1.69608
276.5 1.38189 0.644007 -2.14552 4.62459
277 -0.773227 1.32414 -4.38617 -2.54062
277.5 -1.26225 -0.874081 2.89173 -4.15513
278 0.974935 -1.17425 3.90798 3.2653
278.5 1.06983 1.08799 -3.62167 3.58194
279 -1.18509 0.97567 -3.22833 -3.90064
279.5 -0.880934 -1.25557 4.15801 -2.89661
280 1.32303 -0.75805 2.52519 4.42785
280.5 0.622934 1.39491 -4.6378 2.09185
281 -1.45026 0.506382 -1.67433 -4.77469
281.5 -0.390328 -1.48122 4.91168 -1.27361
282 1.50407 -0.246158 0.820425 5.03331
282.5 0.0977842 1.5267 -5.06886 0.345358
283 -1.53626 -0.0254826 0.0842946 -5.05791
283.5 0.148859 -1.52233 5.05525 0.515011
284 1.49493 0.296849 -0.989228 5.00273
284.5 -0.439642 1.46758 -4.86561 -1.43691
285 -1.43258 -0.5542 1.83265 -4.71648
285.5 0.669374 -1.37299 4.56566 2.24657
286 1.2968 0.802336 -2.67239 4.34011
286.5 -0.922367 1.2257 -4.05847 -3.03343
287 -1.15189 -1.01442 3.357 -3.79116
287.5 1.10577 -1.0512 3.49969 3.70199
288 0.934952 1.20657 -4.01492 3.13185
288.5 -1.2907 0.831742 -2.75131 -4.24888
289 -0.72857 -1.34899 4.4692 -2.39302
289.5 1.40276 -0.596938 1.98894 4.69442
290 0.455393 1.45895 -4.84854 1.53412
290.5 -1.49938 0.334875 -1.10709 -4.93647
291 -0.214763 -1.51593 5.02914 -0.691778
291.5 1.52252 -0.0672766 0.224279 5.09505
292 -0.081316 1.5284 -5.07207 -0.249158
292.5 -1.5229 -0.203359 0.672348 -5.01392
293 0.325787 -1.49375 4.9627 1.10305
293.5 1.44975 0.47089 -1.56904 4.85156
294 -0.607919 1.40699 -4.66263 -1.99392
294.5 -1.35836 -0.716475 2.36973 -4.47196
295 0.825477 -1.28445 4.27302 2.7668
295.5 1.19376 0.949559 -3.16189 3.99579
296 -1.05896 1.11059 -3.67598 -3.48446
296.5 -1.0259 -1.14099 3.77711 -3.37536
297 1.22131 -0.913621 3.0426 4.08791
297.5 0.787175 1.30849 -4.35235 2.63907
298 -1.3788 0.676536 -2.23738 -4.53926
298.5 -0.566284 -1.42404 4.71987 -1.85618
299 1.46305 -0.427557 1.42482 4.89608
299.5 0.281591 1.50293 -4.99237 0.956088
300 -1.52821 0.158836 -0.525038 -5.03139
300.5 -0.0362628 -1.52991 5.07793 -0.0996619
301 1.51986 0.112537 -0.375009 5.08613
301.5 -0.259302 1.50917 -5.00589 -0.839414
302 -1.48892 -0.378481 1.25141 -4.90205
302.5 0.498239 -1.44466 4.80181 1.67674
303 1.38448 0.638403 -2.12686 4.63324
303.5 -0.767908 1.32721 -4.39639 -2.52303
304 -1.26574 -0.869039 2.87503 -4.16665
304.5 0.970195 -1.17819 3.92106 3.24948
305 1.0742 1.08365 -3.60724 3.59655
305.5 -1.18117 0.980389 -3.24397 -3.8877
306 -0.885964 -1.25205 4.14631 -2.91323
306.5 1.31996 -0.763405 2.54302 4.41759
307 0.628547 1.39237 -4.6294 2.11054
307.5 -1.44822 0.512165 -1.69346 -4.76797
308 -0.396276 -1.47966 4.90645 -1.29331
308.5 1.50306 -0.252251 0.840734 5.02995
309 0.103924 1.52627 -5.06751 0.365749
309.5 -1.53635 -0.0193514 0.064031 -5.0582
310 0.142733 -1.52294 5.0572 0.494662
310.5 1.49612 0.290788 -0.969027 5.0067
311 -0.433743 1.46931 -4.87142 -1.41737
311.5 -1.43479 -0.548478 1.81373 -4.72377
312 0.663837 -1.3757 4.57461 2.22813
312.5 1.30002 0.797073 -2.65488 4.35089
313 -0.917441 1.22937 -4.07066 -3.01716
313.5 -1.15595 -1.00982 3.34173 -3.80456
314 1.10152 -1.05568 3.51455 3.6878
314.5 0.93981 1.20276 -4.00231 3.14805
315 -1.28735 0.836887 -2.76835 -4.23785
315.5 -0.733981 -1.34608 4.4595 -2.41092
316 1.40034 -0.60262 2.00786 4.68632
316.5 0.461266 1.45708 -4.84239 1.55366
317 -1.49803 0.340859 -1.12687 -4.93201
317.5 -0.220858 -1.51508 5.02624 -0.711985
318 1.52224 -0.0734492 0.244856 5.0941
318.5 -0.0751668 1.52869 -5.07311 -0.228755
319 -1.5237 -0.197276 0.652242 -5.01656
319.5 0.319769 -1.49508 4.96703 1.08304
320 1.45164 0.465007 -1.54944 4.85788
320.5 -0.602261 1.4094 -4.67067 -1.97519
321 -1.36123 -0.711045 2.35176 -4.4814
321.5 0.82029 -1.28779 4.28409 2.74951
322 1.19758 0.944709 -3.14576 4.00856
322.5 -1.0545 1.11481 -3.68997 -3.46971
323 -1.03047 -1.13688 3.76348 -3.39046
323.5 1.21761 -0.918569 3.05905 4.07556
324 0.792446 1.30528 -4.34173 2.65664
324.5 -1.37608 0.682038 -2.25558 -4.53028
325 -0.572003 -1.42177 4.7123 -1.87512
325.5 1.46131 -0.433488 1.44459 4.89026
326 0.287644 1.50176 -4.98856 0.976206
326.5 -1.52756 0.16494 -0.545213 -5.02925
327 -0.0424215 -1.52978 5.07741 -0.120101
327.5 1.5203 0.10637 -0.354451 5.08761
328 -0.253228 1.51018 -5.0093 -0.819278
328.5 -1.49043 -0.372529 1.23173 -4.90701
329 0.492411 -1.44668 4.80846 1.65735
329.5 1.38704 0.632781 -2.10813 4.64182
330 -0.762568 1.33026 -4.40655 -2.50538
330.5 -1.26922 -0.863975 2.85826 -4.17812
331 0.965431 -1.18213 3.9341 3.23359
331.5 1.07857 1.07928 -3.59272 3.61113
332 -1.17723 0.985101 -3.25958 -3.87469
332.5 -0.890988 -1.2485 4.13451 -2.92983
333 1.31687 -0.768756 2.56083 4.40724
333.5 0.634158 1.3898 -4.62091 2.12923
334 -1.44615 0.517949 -1.71259 -4.76116
334.5 -0.402227 -1.47808 4.90113 -1.31302
335 1.50203 -0.25835 0.861061 5.02649
335.5 0.110073 1.52582 -5.06607 0.386169
336 -1.53641 -0.0132099 0.0437331 -5.05842
336.5 0.136594 -1.52352 5.05907 0.474271
337 1.49728 0.284713 -0.948777 5.01059
337.5 -0.427827 1.47102 -4.87715 -1.39778
338 -1.43698 -0.542737 1.79474 -4.73098
338.5 0.65828 -1.37839 4.5835 2.20962
339 1.30324 0.791788 -2.63729 4.36163
339.5 -0.912492 1.23302 -4.0828 -3.00081
340 -1.16 -1.00519 3.32638 -3.81791
340.5 1.09724 -1.06014 3.52939 3.67353
341 0.94466 1.19893 -3.98961 3.16423
341.5 -1.28398 0.842028 -2.78537 -4.22673
342 -0.73939 -1.34314 4.4497 -2.4288
342.5 1.39789 -0.608302 2.02678 4.67813
343 0.467141 1.45518 -4.83615 1.57321
343.5 -1.49665 0.346847 -1.14667 -4.92747
344 -0.226959 -1.5142 5.02325 -0.732214
344.5 1.52193 -0.0796308 0.265463 5.09306
345 -0.0690062 1.52896 -5.07407 -0.208314
345.5 -1.52448 -0.19118 0.632093 -5.01913
346 0.313735 -1.49638 4.97128 1.06298
346.5 1.45351 0.459107 -1.52979 4.86413
347 -0.596584 1.41178 -4.67865 -1.95641
347.5 -1.36407 -0.705594 2.33372 -4.49078
348 0.815082 -1.29112 4.2951 2.73215
348.5 1.20139 0.939835 -3.12956 4.02129
349 -1.05001 1.11901 -3.70394 -3.45489
349.5 -1.03503 -1.13275 3.74977 -3.40553
350 1.21389 -0.923509 3.07548 4.06312
350.5 0.797712 1.30204 -4.33102 2.67419
351 -1.37332 0.687538 -2.27378 -4.52121
351.5 -0.577724 -1.41948 4.70465 -1.89405
352 1.45954 -0.439422 1.46436 4.88435
352.5 0.293701 1.50056 -4.98465 0.996343
353 -1.52688 0.171051 -0.565412 -5.02703
353.5 -0.0485896 -1.52962 5.07681 -0.14057
354 1.52072 0.100191 -0.333853 5.08901
354.5 -0.24714 1.51116 -5.01264 -0.799095
355 -1.49191 -0.366561 1.212 -4.9119
355.5 0.486565 -1.44868 4.81504 1.63789
356 1.38959 0.627138 -2.08934 4.65035
356.5 -0.757207 1.3333 -4.41666 -2.48765
357 -1.27268 -0.858889 2.84141 -4.18954
357.5 0.960643 -1.18604 3.94709 3.21762
358 1.08293 1.07488 -3.57813 3.62567
358.5 -1.17326 0.989804 -3.27517 -3.86158
359 -0.896007 -1.24493 4.12264 -2.94641
359.5 1.31374 -0.774103 2.57862 4.39681
360 0.639769 1.3872 -4.61234 2.14791
360.5 -1.44406 0.523735 -1.73172 -4.75426
361 -0.408181 -1.47647 4.89573 -1.33274
361.5 1.50097 -0.264454 0.881408 5.02295
362 0.11623 1.52534 -5.06455 0.406618
362.5 -1.53646 -0.00705797 0.023401 -5.05855
363 0.130444 -1.52409 5.06087 0.45384
363.5 1.49843 0.278622 -0.928478 5.0144
364 -0.421894 1.47271 -4.88282 -1.37813
364.5 -1.43915 -0.536979 1.77569 -4.73813
365 0.652703 -1.38106 4.59233 2.19104
365.5 1.30643 0.786482 -2.61963 4.3723
366 -0.90752 1.23666 -4.0949 -2.98438
366.5 -1.16403 -1.00053 3.31096 -3.83123
367 1.09294 -1.0646 3.54419 3.65918
367.5 0.949503 1.19508 -3.97683 3.18038
368 -1.28058 0.847163 -2.80238 -4.21552
368.5 -0.744796 -1.34017 4.43982 -2.44667
369 1.39541 -0.613983 2.0457 4.66986
369.5 0.473018 1.45326 -4.82983 1.59277
370 -1.49524 0.35284 -1.16648 -4.92283
370.5 -0.233066 -1.5133 5.02018 -0.752463
371 1.52159 -0.0858213 0.2861 5.09194
371.5 -0.0628343 1.5292 -5.07495 -0.187834
372 -1.52524 -0.185071 0.6119 -5.02162
372.5 0.307686 -1.49766 4.97546 1.04287
373 1.45536 0.45319 -1.51007 4.87031
373.5 -0.590887 1.41415 -4.68656 -1.93756
374 -1.3669 -0.700123 2.31561 -4.5001
374.5 0.809851 -1.29443 4.30606 2.71471
375 1.20519 0.934938 -3.11328 4.03397
375.5 -1.04549 1.12321 -3.71786 -3.43998
376 -1.03959 -1.1286 3.73598 -3.42056
376.5 1.21014 -0.928442 3.09188 4.05059
377 0.802975 1.29878 -4.32022 2.69173
377.5 -1.37055 0.693037 -2.29198 -4.51205
378 -0.583444 -1.41717 4.6969 -1.91298
378.5 1.45775 -0.445359 1.48414 4.87836
379 0.299764 1.49934 -4.98066 1.0165
379.5 -1.52618 0.17717 -0.585636 -5.02472
380 -0.054767 -1.52943 5.07612 -0.16107
380.5 1.52111 0.0940003 -0.313216 5.09033
381 -0.241037 1.51212 -5.0159 -0.778865
381.5 -1.49338 -0.360577 1.19222 -4.91672
382 0.480702 -1.45066 4.82156 1.61838
382.5 1.39213 0.621476 -2.07049 4.65881
383 -0.751825 1.33632 -4.42672 -2.46985
383.5 -1.27613 -0.85378 2.82449 -4.20091
384 0.955832 -1.18995 3.96004 3.20157
384.5 1.08727 1.07046 -3.56345 3.64017
385 -1.16926 0.994499 -3.29074 -3.8484
385.5 -0.901019 -1.24133 4.11067 -2.96297
386 1.3106 -0.779446 2.59641 4.38628
386.5 0.645378 1.38458 -4.60367 2.16659
387 -1.44194 0.529521 -1.75086 -4.74727
387.5 -0.414138 -1.47483 4.89024 -1.35248
388 1.49989 -0.270564 0.901774 5.01932
388.5 0.122395 1.52483 -5.06294 0.427094
389 -1.53647 -0.000895846 0.00303511 -5.0586
389.5 0.124281 -1.52463 5.06258 0.433369
390 1.49954 0.272517 -0.90813 5.01814
390.5 -0.415944 1.47438 -4.88842 -1.35842
391 -1.4413 -0.531202 1.75659 -4.74522
391.5 0.647106 -1.38372 4.6011 2.1724
392 1.30961 0.781153 -2.6019 4.38293
392.5 -0.902525 1.24029 -4.10696 -2.96788
393 -1.16806 -0.995858 3.29546 -3.8445
393.5 1.08862 -1.06904 3.55895 3.64474
394 0.954338 1.1912 -3.96395 3.19651
394.5 -1.27716 0.852293 -2.81937 -4.20423
395 -0.750198 -1.33718 4.42985 -2.46454
395.5 1.39291 -0.619663 2.06462 4.66149
396 0.478896 1.45131 -4.82341 1.61233
396.5 -1.49381 0.358837 -1.1863 -4.91811
397 -0.23918 -1.51237 5.01702 -0.772732
397.5 1.52123 -0.0920205 0.306766 5.09073
398 -0.0566513 1.52942 -5.07575 -0.167317
398.5 -1.52597 -0.178948 0.591665 -5.02404
399 0.301622 -1.49891 4.97956 1.0227
399.5 1.45719 0.447255 -1.4903 4.87642
400 -0.585172 1.41651 -4.69442 -1.91864
400.5 -1.36971 -0.694632 2.29744 -4.50936
401 0.804598 -1.29772 4.31697 2.69721
401.5 1.20897 0.930018 -3.09692 4.04661
402 -1.04095 1.12739 -3.73175 -3.42499
402.5 -1.04413 -1.12442 3.72211 -3.43557
403 1.20636 -0.933368 3.10826 4.03797
403.5 0.808232 1.29549 -4.30933 2.70925
404 -1.36774 0.698532 -2.31017 -4.50281
404.5 -0.589164 -1.41482 4.68907 -1.93191
405 1.45593 -0.451298 1.50393 4.87227
405.5 0.305831 1.49809 -4.97658 1.03667
406 -1.52546 0.183296 -0.605884 -5.02233
406.5 -0.0609538 -1.52922 5.07535 -0.1816
407 1.52148 0.0877979 -0.29254 5.09156
407.5 -0.234921 1.51306 -5.01909 -0.758588
408 -1.49482 -0.354578 1.17238 -4.92147
408.5 0.474821 -1.45262 4.828 1.59881
409 1.39464 0.615794 -2.05156 4.66721
409.5 -0.746421 1.33932 -4.43672 -2.45199
410 -1.27956 -0.848649 2.8075 -4.21223
410.5 0.950997 -1.19384 3.97295 3.18544
411 1.09161 1.06602 -3.54869 3.65464
411.5 -1.16524 0.999185 -3.30627 -3.83512
412 -0.906024 -1.23771 4.09862 -2.97951
412.5 1.30742 -0.784786 2.61418 4.37567
413 0.650985 1.38193 -4.59491 2.18527
413.5 -1.43979 0.535309 -1.77 -4.7402
414 -0.420099 -1.47317 4.88465 -1.37222
414.5 1.49878 -0.27668 0.922158 5.0156
415 0.128568 1.5243 -5.06125 0.447598
415.5 -1.53646 0.0052764 -0.0173642 -5.05857
416 0.118105 -1.52514 5.06422 0.412859
416.5 1.50064 0.266398 -0.887733 5.02181
417 -0.409978 1.47602 -4.89394 -1.33866
417.5 -1.44343 -0.525407 1.73742 -4.75224
418 0.641489 -1.38635 4.60981 2.15369
418.5 1.31277 0.775803 -2.58409 4.39349
419 -0.897507 1.2439 -4.11897 -2.9513
419.5 -1.17207 -0.991158 3.27987 -3.85774
420 1.08427 -1.07348 3.57368 3.63022
420.5 0.959165 1.18729 -3.95099 3.21261
421 -1.27371 0.857418 -2.83634 -4.19285
421.5 -0.755597 -1.33416 4.41979 -2.48239
422 1.39038 -0.625342 2.08353 4.65303
422.5 0.484777 1.44933 -4.8169 1.6319
423 -1.49235 0.364837 -1.20614 -4.9133
423.5 -0.2453 -1.51141 5.01378 -0.79302
424 1.52084 -0.0982284 0.327461 5.08944
424.5 -0.0504572 1.52961 -5.07646 -0.146763
425 -1.52668 -0.172813 0.571386 -5.02637
425.5 0.295543 -1.50015 4.98359 1.0025
426 1.45899 0.441304 -1.47047 4.88247
426.5 -0.579438 1.41884 -4.70221 -1.89967
427 -1.37251 -0.68912 2.2792 -4.51857
427.5 0.799323 -1.301 4.32783 2.67962
428 1.21274 0.925073 -3.08048 4.05919
428.5 -1.03639 1.13157 -3.7456 -3.40992
429 -1.04867 -1.12022 3.70816 -3.45054
429.5 1.20256 -0.938287 3.12462 4.02527
430 0.813485 1.29218 -4.29835 2.72676
430.5 -1.36491 0.704026 -2.32835 -4.49347
431 -0.594883 -1.41245 4.68115 -1.95083
431.5 1.45408 -0.457239 1.52372 4.86609
432 0.311904 1.49681 -4.97241 1.05686
432.5 -1.5247 0.189429 -0.626155 -5.01985
433 -0.0671497 -1.52899 5.07449 -0.20216
433.5 1.52183 0.0815838 -0.271825 5.09271
434 -0.228791 1.51398 -5.0222 -0.738265
434.5 -1.49624 -0.348563 1.1525 -4.92614
435 0.468922 -1.45456 4.83438 1.57918
435.5 1.39713 0.610093 -2.03258 4.67554
436 -0.740997 1.34231 -4.44666 -2.43405
436.5 -1.28298 -0.843496 2.79043 -4.22351
437 0.946138 -1.19772 3.98581 3.16923
437.5 1.09593 1.06155 -3.53384 3.66908
438 -1.16119 1.00386 -3.32178 -3.82177
438.5 -0.911023 -1.23406 4.08649 -2.99603
439 1.30422 -0.790121 2.63193 4.36497
439.5 0.656592 1.37925 -4.58607 2.20394
440 -1.43762 0.541097 -1.78914 -4.73303
440.5 -0.426062 -1.47148 4.87898 -1.39197
441 1.49764 -0.282801 0.94256 5.01179
441.5 0.134749 1.52374 -5.05947 0.468129
442 -1.53643 0.0114587 -0.0377967 -5.05846
442.5 0.111918 -1.52563 5.06577 0.392309
443 1.50171 0.260264 -0.867288 5.02539
443.5 -0.403996 1.47765 -4.8994 -1.31884
444 -1.44555 -0.519594 1.71819 -4.7592
444.5 0.635852 -1.38897 4.61846 2.13492
445 1.31592 0.770432 -2.56622 4.40401
445.5 -0.892466 1.2475 -4.13093 -2.93465
446 -1.17607 -0.986434 3.26421 -3.87093
446.5 1.07989 -1.0779 3.58838 3.61562
447 0.963984 1.18336 -3.93795 3.22869
447.5 -1.27023 0.862537 -2.8533 -4.18139
448 -0.760992 -1.33112 4.40965 -2.50023
448.5 1.38782 -0.63102 2.10244 4.64448
449 0.490659 1.44733 -4.81031 1.65147
449.5 -1.49086 0.370842 -1.226 -4.9084
450 -0.251426 -1.51043 5.01044 -0.813328
450.5 1.52043 -0.104445 0.348184 5.08806
451 -0.0442521 1.52978 -5.07709 -0.126172
451.5 -1.52737 -0.166665 0.551066 -5.02863
452 0.28945 -1.50136 4.98754 0.982238
452.5 1.46078 0.435335 -1.45058 4.88844
453 -0.573685 1.42115 -4.70993 -1.88063
453.5 -1.37528 -0.683589 2.26089 -4.52772
454 0.794027 -1.30427 4.33863 2.66197
454.5 1.21649 0.920106 -3.06396 4.07174
455 -1.0318 1.13573 -3.75942 -3.39477
455.5 -1.05319 -1.11599 3.69412 -3.46548
456 1.19873 -0.943198 3.14095 4.01248
456.5 0.818733 1.28883 -4.28728 2.74425
457 -1.36205 0.709517 -2.34652 -4.48405
457.5 -0.600603 -1.41005 4.67313 -1.96976
458 1.45221 -0.463182 1.54353 4.85982
458.5 0.317981 1.49551 -4.96815 1.07706
459 -1.52393 0.195569 -0.646449 -5.01729
459.5 -0.0733546 -1.52872 5.07355 -0.222749
460 1.52215 0.0753583 -0.251071 5.09378
460.5 -0.222647 1.51487 -5.02523 -0.717895
461 -1.49764 -0.342533 1.13256 -4.93075
461.5 0.463006 -1.45648 4.84069 1.5595
462 1.3996 0.604372 -2.01352 4.68381
462.5 -0.735552 1.34527 -4.45655 -2.41604
463 -1.28639 -0.838321 2.77329 -4.23473
463.5 0.941256 -1.20158 3.99863 3.15294
464 1.10024 1.05705 -3.51891 3.68347
464.5 -1.15711 1.00853 -3.33726 -3.80833
465 -0.916015 -1.23038 4.07426 -3.01252
465.5 1.30099 -0.795451 2.64967 4.35417
466 0.662196 1.37654 -4.57713 2.2226
466.5 -1.43542 0.546886 -1.80829 -4.72578
467 -0.432028 -1.46977 4.87322 -1.41173
467.5 1.49647 -0.288928 0.96298 5.00789
468 0.140938 1.52316 -5.05761 0.488687
468.5 -1.53637 0.0176509 -0.058262 -5.05827
469 0.105719 -1.5261 5.06725 0.371719
469.5 1.50276 0.254115 -0.846795 5.0289
470 -0.397997 1.47925 -4.90478 -1.29897
470.5 -1.44764 -0.513763 1.69891 -4.76609
471 0.630196 -1.39157 4.62704 2.11608
471.5 1.31905 0.765038 -2.54827 4.41446
472 -0.887403 1.25108 -4.14284 -2.91792
472.5 -1.18005 -0.981686 3.24848 -3.88408
473 1.07549 -1.08232 3.60304 3.60093
473.5 0.968795 1.1794 -3.92481 3.24474
474 -1.26673 0.86765 -2.87023 -4.16983
474.5 -0.766384 -1.32804 4.39941 -2.51806
475 1.38524 -0.636697 2.12135 4.63584
475.5 0.496543 1.4453 -4.80362 1.67105
476 -1.48935 0.37685 -1.24586 -4.90342
476.5 -0.257558 -1.50942 5.00702 -0.833655
477 1.51999 -0.11067 0.368935 5.08659
477.5 -0.0380362 1.52992 -5.07764 -0.105544
478 -1.52803 -0.160505 0.530703 -5.03081
478.5 0.283342 -1.50255 4.99142 0.961932
479 1.46254 0.429349 -1.43063 4.89433
479.5 -0.567913 1.42344 -4.71759 -1.86152
480 -1.37804 -0.678036 2.24252 -4.5368
480.5 0.788709 -1.30751 4.34938 2.64424
481 1.22023 0.915115 -3.04736 4.08423
481.5 -1.02719 1.13988 -3.77319 -3.37954
482 -1.05771 -1.11173 3.68 -3.48039
482.5 1.19487 -0.948101 3.15725 3.9996
483 0.823976 1.28546 -4.27613 2.76173
483.5 -1.35917 0.715006 -2.36468 -4.47454
484 -0.606322 -1.40763 4.66503 -1.98868
484.5 1.45031 -0.469128 1.56333 4.85346
485 0.324063 1.49418 -4.9638 1.09729
485.5 -1.52312 0.201716 -0.666766 -5.01464
486 -0.0795685 -1.52844 5.07252 -0.243368
486.5 1.52244 0.0691213 -0.230279 5.09477
487 -0.216489 1.51574 -5.02818 -0.697479
487.5 -1.49901 -0.336487 1.11257 -4.93528
488 0.457073 -1.45837 4.84692 1.53976
488.5 1.40206 0.598632 -1.99441 4.69202
489 -0.730085 1.34822 -4.46638 -2.39797
489.5 -1.28977 -0.833123 2.75608 -4.2459
490 0.93635 -1.20543 4.0114 3.13658
490.5 1.10455 1.05254 -3.5039 3.69783
491 -1.15302 1.01319 -3.35271 -3.7948
491.5 -0.921001 -1.22668 4.06195 -3.02899
492 1.29773 -0.800777 2.66739 4.34329
492.5 0.667799 1.37381 -4.5681 2.24126
493 -1.43319 0.552675 -1.82744 -4.71844
493.5 -0.437997 -1.46802 4.86738 -1.4315
494 1.49528 -0.295059 0.983417 5.00391
494.5 0.147135 1.52255 -5.05565 0.509272
495 -1.53629 0.0238529 -0.0787598 -5.05799
495.5 0.0995079 -1.52654 5.06864 0.351091
496 1.50378 0.247953 -0.826254 5.03233
496.5 -0.391982 1.48083 -4.9101 -1.27905
497 -1.44971 -0.507915 1.67957 -4.77291
497.5 0.62452 -1.39415 4.63556 2.09718
498 1.32216 0.759624 -2.53024 4.42486
498.5 -0.882317 1.25465 -4.1547 -2.90111
499 -1.18403 -0.976915 3.23266 -3.89719
499.5 1.07107 -1.08672 3.61766 3.58616
500 0.973598 1.17541 -3.91159 3.26076
500.5 -1.2632 0.872758 -2.88715 -4.15819
501 -0.771772 -1.32494 4.38909 -2.53587
501.5 1.38263 -0.642373 2.14025 4.62711
502 0.502428 1.44324 -4.79684 1.69063
502.5 -1.48781 0.382862 -1.26574 -4.89834
503 -0.263695 -1.50838 5.00351 -0.854
503.5 1.51953 -0.116903 0.389713 5.08503
504 -0.0318096 1.53004 -5.07811 -0.0848794
504.5 -1.52867 -0.154331 0.510298 -5.03292
505 0.277219 -1.50371 4.99522 0.941578
505.5 1.46428 0.423346 -1.41063 4.90016
506 -0.562122 1.42571 -4.72519 -1.84236
506.5 -1.38078 -0.672464 2.22408 -4.54583
507 0.783368 -1.31074 4.36007 2.62645
507.5 1.22396 0.910101 -3.03069 4.09668
508 -1.02255 1.14402 -3.78693 -3.36423
508.5 -1.06221 -1.10745 3.66579 -3.49526
509 1.19099 -0.952997 3.17352 3.98663
509.5 0.829214 1.28207 -4.26488 2.77919
510 -1.35625 0.720491 -2.38284 -4.46494
510.5 -0.61204 -1.40517 4.65684 -2.00761
