0 1 0 0 6.28319
0.13 0.684648 0.729501 -4.57477 4.30289
0.26 -0.0621233 0.999641 -6.26198 -0.379601
0.39 -0.770181 0.64197 -4.01734 -4.80972
0.52 -0.99608 -0.117859 0.736723 -6.221
0.65 -0.59887 -0.803947 5.03082 -3.73873
0.78 0.173345 -0.986259 6.17873 1.09496
0.91 0.836377 -0.548917 3.4423 5.25384
1.04 0.972455 0.234094 -1.46798 6.10842
1.17 0.495616 0.869645 -5.45016 3.11566
1.3 -0.293213 0.958291 -5.99876 -1.8259
1.43 -0.898464 0.445974 -2.78934 -5.60959
1.56 -0.941796 -0.345422 2.15986 -5.88026
1.69 -0.396203 -0.920728 5.76211 -2.47052
1.82 0.39745 -0.918943 5.75768 2.49915
1.95 0.94104 -0.33961 2.12978 5.90949
2.08 0.891857 0.453564 -2.84303 5.60061
2.21 0.281019 0.961272 -6.02035 1.76963
2.34 -0.506606 0.865297 -5.41299 -3.15967
2.47 -0.977269 0.227431 -1.42176 -6.09992
2.6 -0.837221 -0.552634 3.45548 -5.22572
2.73 -0.173746 -0.987014 6.17765 -1.07842
2.86 0.598391 -0.802558 5.02892 3.75824
2.99 0.994098 -0.113586 0.7127 6.24086
3.12 0.763858 0.646902 -4.05281 4.79576
3.25 0.0530435 1.00067 -6.26277 0.341571
3.38 -0.691338 0.726931 -4.54455 -4.3128
3.51 -1.00361 -0.0014744 0.00943447 -6.26261
3.64 -0.689096 -0.728958 4.55805 -4.2994
3.77 0.0562099 -1.00043 6.26243 0.360823
3.9 0.76599 -0.64444 4.03838 4.8082
4.03 0.993955 0.11671 -0.730469 6.23807
4.16 0.596437 0.804485 -5.0371 3.74458
4.29 -0.175926 0.987096 -6.17349 -1.09082
4.42 -0.838425 0.551603 -3.4464 -5.22974
4.55 -0.977388 -0.228509 1.42817 -6.09739
4.68 -0.50619 -0.865895 5.4146 -3.1559
4.81 0.281442 -0.961502 6.01944 1.7707
4.94 0.892233 -0.453863 2.84432 5.59856
5.07 0.941912 0.339101 -2.12302 5.90959
5.2 0.399329 0.918989 -5.75035 2.50868
5.33 -0.393981 0.922595 -5.76618 -2.45317
5.46 -0.941221 0.349293 -2.18104 -5.8696
5.59 -0.901221 -0.442031 2.76209 -5.62078
5.72 -0.298735 -0.957313 5.98682 -1.85893
5.85 0.49044 -0.873443 5.4687 3.07905
5.98 0.971587 -0.241442 1.51356 6.09451
6.11 0.841942 0.542321 -3.39413 5.28082
6.24 0.183404 0.985644 -6.16326 1.1566
6.37 -0.590288 0.811768 -5.07021 -3.67809
6.5 -0.995618 0.130937 -0.816665 -6.2073
6.63 -0.78017 -0.63155 3.94604 -4.86433
6.76 -0.0778254 -0.999645 6.25226 -0.477688
6.89 0.67297 -0.741886 4.64537 4.22156
7.02 1.00116 -0.0184975 0.117412 6.27795
7.15 0.700318 0.716564 -4.48235 4.39169
7.28 -0.039979 1.00233 -6.26331 -0.240337
7.41 -0.755576 0.661352 -4.12816 -4.70822
7.54 -1.00011 -0.0921735 0.576521 -6.23384
7.67 -0.621343 -0.788199 4.92483 -3.87226
7.8 0.145198 -0.991935 6.20475 0.916972
7.93 0.820541 -0.574445 3.5972 5.14483
8.06 0.980709 0.203574 -1.27236 6.1476
8.19 0.525156 0.853907 -5.33831 3.29362
8.32 -0.259578 0.969529 -6.05422 -1.61184
8.45 -0.882513 0.47976 -2.99278 -5.49837
8.58 -0.955709 -0.308983 1.92986 -5.95577
8.71 -0.433435 -0.905084 5.65549 -2.69865
8.84 0.359328 -0.935749 5.8539 2.25615
8.97 0.926747 -0.380226 2.38142 5.80858
9.1 0.912502 0.413896 -2.58735 5.71806
9.23 0.325888 0.948602 -5.9265 2.04615
9.36 -0.46483 0.890124 -5.55472 -2.89216
9.49 -0.96595 0.276565 -1.7238 -6.01696
9.62 -0.865766 -0.509195 3.17943 -5.39402
9.75 -0.22621 -0.97752 6.10866 -1.40428
9.88 0.554429 -0.834969 5.22387 3.47625
10.01 0.987475 -0.169283 1.06134 6.18701
10.14 0.801057 0.602627 -3.76586 5.01818
10.27 0.112705 0.997231 -6.22616 0.713351
10.4 -0.646328 0.769126 -4.79661 -4.023
10.53 -1.00303 0.0619611 -0.384631 -6.24665
10.66 -0.735665 -0.683723 4.26879 -4.58206
10.79 -0.00997326 -1.00314 6.26941 -0.0534474
10.92 0.721686 -0.695474 4.35145 4.52191
11.05 1.00099 0.0479363 -0.297295 6.26937
11.18 0.652782 0.761394 -4.75559 4.08864
11.31 -0.103987 0.998729 -6.23133 -0.639626
11.44 -0.796201 0.61329 -3.82235 -4.95575
11.57 -0.993215 -0.15375 0.960786 -6.1843
11.7 -0.572461 -0.82506 5.15122 -3.56373
11.83 0.204954 -0.981884 6.13718 1.28936
11.96 0.853965 -0.524749 3.28362 5.34831
12.09 0.967864 0.261124 -1.62965 6.05961
12.22 0.475548 0.883611 -5.51569 2.97922
12.35 -0.314082 0.954288 -5.95014 -1.94979
12.48 -0.908389 0.430693 -2.68242 -5.6532
12.61 -0.93813 -0.36065 2.25093 -5.84022
12.74 -0.384454 -0.927538 5.79135 -2.39062
12.87 0.408727 -0.91588 5.72511 2.5625
13 0.946064 -0.33143 2.07469 5.9228
13.13 0.890847 0.460607 -2.87502 5.57535
13.26 0.27822 0.964683 -6.01794 1.74572
13.39 -0.508229 0.867156 -5.40341 -3.15912
13.52 -0.978814 0.230276 -1.43247 -6.09039
13.65 -0.841404 -0.549637 3.42934 -5.23698
13.78 -0.180743 -0.987494 6.1662 -1.11937
13.91 0.592413 -0.809226 5.05877 3.70994
14.04 0.994855 -0.124835 0.783264 6.22584
14.17 0.774573 0.637766 -3.9795 4.84611
14.3 0.070178 1.0021 -6.24725 0.44697
14.43 -0.678217 0.742358 -4.62289 -4.21682
14.56 -1.00544 0.0213904 -0.130549 -6.255
14.69 -0.708375 -0.712788 4.4468 -4.4077
14.82 0.0292435 -1.00333 6.2656 0.191194
14.95 0.748354 -0.667687 4.17427 4.68364
15.08 0.999303 0.0855186 -0.530801 6.25117
15.21 0.625241 0.785372 -4.89809 3.9112
15.34 -0.139146 0.995398 -6.20145 -0.858143
15.47 -0.817269 0.586359 -3.6491 -5.08119
15.6 -0.988256 -0.186645 1.16558 -6.1471
15.73 -0.545755 -0.84365 5.26313 -3.39405
15.86 0.236182 -0.975449 6.092 1.48283
15.99 0.870454 -0.498343 3.11605 5.4453
16.12 0.960395 0.290361 -1.80929 6.00531
16.25 0.450234 0.897833 -5.59623 2.81719
16.38 -0.340697 0.946088 -5.8905 -2.11331
16.51 -0.920253 0.406685 -2.52893 -5.72073
16.64 -0.929125 -0.38495 2.40089 -5.7784
16.77 -0.361259 -0.937434 5.84844 -2.24396
16.9 0.43127 -0.906171 5.65971 2.70042
17.03 0.954355 -0.309187 1.93436 5.96767
17.16 0.880971 0.481076 -2.99825 5.50647
17.29 0.257706 0.971337 -6.05064 1.61532
17.42 -0.526166 0.857425 -5.33517 -3.26709
17.55 -0.9838 0.211534 -1.31332 -6.11486
17.68 -0.831624 -0.565438 3.52522 -5.1711
17.81 -0.163214 -0.991137 6.18388 -1.00926
17.94 0.606586 -0.799482 4.99362 3.79432
18.07 0.99754 -0.108718 0.682643 6.2351
18.2 0.765479 0.650047 -4.05014 4.78296
18.33 0.0561793 1.0039 -6.24954 0.358927
18.46 -0.688303 0.734171 -4.56545 -4.27476
18.59 -1.00634 0.00938755 -0.054827 -6.25407
18.72 -0.700779 -0.721112 4.49514 -4.35632
