0 5.203 0 0 2.78
0.5 5.02183 1.37383 -0.720213 2.68326
1 4.49159 2.65223 -1.38777 2.40085
1.5 3.65083 3.74741 -1.95498 1.95523
2 2.55984 4.58597 -2.38322 1.38093
2.5 1.29529 5.11401 -2.64581 0.720779
3 -0.056035 5.30028 -2.72921 0.021785
3.5 -1.40389 5.13721 -2.63282 -0.668853
4 -2.66069 4.6402 -2.36774 -1.30702
4.5 -3.74694 3.8454 -1.95482 -1.85412
5 -4.59558 2.80654 -1.42254 -2.2787
5.5 -5.15523 1.59108 -0.804909 -2.55734
6 -5.39252 0.276058 -0.139541 -2.67515
6.5 -5.2934 -1.05619 0.534063 -2.62596
7 -4.86373 -2.32245 1.17608 -2.41234
7.5 -4.12903 -3.44296 1.74792 -2.04559
8 -3.13348 -4.34579 2.21388 -1.54565
8.5 -1.938 -4.97108 2.54295 -0.940743
9 -0.617439 -5.27497 2.71085 -0.266669
9.5 0.743372 -5.23321 2.70224 0.434488
10 2.05457 -4.84368 2.51266 1.11645
10.5 3.22715 -4.12789 2.15024 1.73168
11 4.17948 -3.13067 1.6363 2.23512
11.5 4.84379 -1.91788 1.00478 2.58832
12 5.17203 -0.572107 0.30008 2.76345
12.5 5.1402 0.813466 -0.426628 2.74645
13 4.75063 2.14246 -1.12207 2.53868
13.5 4.03176 3.32306 -1.73594 2.1568
14 3.03548 4.27518 -2.22545 1.63076
14.5 1.83242 4.93641 -2.55876 1.00046
15 0.505994 5.26589 -2.71685 0.311697
15.5 -0.854188 5.2463 -2.69389 -0.387973
16 -2.15874 4.88375 -2.49636 -1.05282
16.5 -3.32425 4.20618 -2.14134 -1.64172
17 -4.27806 3.26049 -1.65443 -2.12014
17.5 -4.96201 2.10897 -1.06761 -2.46126
18 -5.33507 0.825234 -0.417219 -2.64665
18.5 -5.37511 -0.510042 0.25783 -2.66652
19 -5.07978 -1.81348 0.917656 -2.51983
19.5 -4.46655 -3.00335 1.52297 -2.21431
20 -3.5721 -4.004 2.03667 -1.76634
20.5 -2.45072 -4.75005 2.42556 -1.20079
21 -1.17194 -5.19062 2.66235 -0.550465
21.5 0.183001 -5.29297 2.72773 0.144948
22 1.52563 -5.04562 2.61255 0.840588
22.5 2.76584 -4.46026 2.31958 1.48903
23 3.81815 -3.57224 1.8647 2.0437
23.5 4.60831 -2.43918 1.27682 2.46293
24 5.0795 -1.13741 0.596392 2.71404
24.5 5.19741 0.243423 -0.127691 2.77701
25 4.95338 1.60731 -0.842405 2.64674
25.5 4.36528 2.85963 -1.49562 2.33374
26 3.47579 3.91466 -2.04096 1.86279
26.5 2.34848 4.7021 -2.44175 1.27018
27 1.06228 5.17186 -2.67355 0.599777
27.5 -0.294957 5.2968 -2.72514 -0.101114
28 -1.63302 5.07349 -2.59809 -0.785617
28.5 -2.86538 4.52116 -2.30536 -1.41043
29 -3.91445 3.67929 -1.86929 -1.93812
29.5 -4.71569 2.60429 -1.31948 -2.33859
30 -5.22074 1.36561 -0.690692 -2.58988
30.5 -5.39955 0.0415432 -0.0209984 -2.67864
31 -5.24154 -1.28512 0.649934 -2.60021
31.5 -4.75604 -2.53144 1.28239 -2.3587
32 -3.97195 -3.61873 1.83815 -1.96694
32.5 -2.93653 -4.47686 2.28221 -1.44634
33 -1.7134 -5.04849 2.58457 -0.826532
33.5 -0.379442 -5.29299 2.72238 -0.144522
34 0.979226 -5.18979 2.68204 0.556693
34.5 2.27245 -4.74088 2.46123 1.23038
35 3.41203 -3.97192 2.07034 1.82915
35.5 4.31831 -2.93163 1.53302 2.30879
36 4.92659 -1.68918 0.885231 2.63246
36.5 5.19275 -0.329519 0.172851 2.77452
37 5.09732 1.05308 -0.552209 2.72355
37.5 4.6473 2.36246 -1.23684 2.48367
38 3.87548 3.50838 -1.83174 2.07404
38.5 2.83742 4.41349 -2.29584 1.52663
39 1.60646 5.01889 -2.59945 0.882678
39.5 0.26758 5.2878 -2.72587 0.188576
40 -1.08921 5.20704 -2.67154 -0.508197
40.5 -2.37519 4.78671 -2.44492 -1.16254
41 -3.50849 4.05829 -2.06474 -1.73438
41.5 -4.41877 3.07167 -1.55787 -2.19045
42 -5.0507 1.89141 -0.957189 -2.50537
42.5 -5.36647 0.592686 -0.299616 -2.66223
43 -5.34736 -0.743045 0.37565 -2.65275
43.5 -4.99452 -2.03237 1.02872 -2.47743
44 -4.32886 -3.19433 1.62058 -2.14552
44.5 -3.39026 -4.15474 2.11467 -1.67493
45 -2.2359 -4.85048 2.47869 -1.09195
45.5 -0.937632 -5.2336 2.68659 -0.43068
46 0.421664 -5.27488 2.72068 0.268125
46.5 1.75282 -4.96679 2.57379 0.958947
47 2.96605 -4.3252 2.25093 1.59424
47.5 3.97738 -3.38951 1.77031 2.12799
48 4.71519 -2.22091 1.16301 2.51981
48.5 5.12627 -0.898538 0.471221 2.73901
49 5.18064 0.486322 -0.255091 2.76805
49.5 4.87431 1.83734 -0.962695 2.60458
50 4.22967 3.06093 -1.60013 2.26174
50.5 3.29342 4.07364 -2.12248 1.7666
51 2.13223 4.80842 -2.49505 1.15704
51.5 0.827087 5.21906 -2.69572 0.477841
52 -0.533282 5.28258 -2.71556 -0.2235
52.5 -1.85889 4.99963 -2.55826 -0.900534
53 -3.06442 4.3932 -2.23857 -1.51085
53.5 -4.07431 3.50599 -1.78026 -2.0182
54 -4.82666 2.39699 -1.21398 -2.39388
54.5 -5.2762 1.13751 -0.575216 -2.61742
55 -5.3962 -0.193052 0.0975823 -2.67698
55.5 -5.17957 -1.51157 0.764621 -2.56943
56 -4.63914 -2.73553 1.38633 -2.30042
56.5 -3.80711 -3.78743 1.92494 -1.88431
57 -2.73379 -4.59908 2.34616 -1.34397
57.5 -1.48537 -5.11582 2.62111 -0.710397
58 -0.140676 -5.30028 2.7284 -0.0217767
58.5 1.21307 -5.13571 2.65627 0.678056
59 2.48559 -4.6282 2.40454 1.342
59.5 3.58972 -3.80756 1.98592 1.92294
60 4.44795 -2.72634 1.42633 2.37765
60.5 4.99882 -1.45687 0.763681 2.67098
61 5.2023 -0.0862214 0.0452299 2.77963
61.5 5.04349 1.29043 -0.67654 2.69482
62 4.53403 2.57742 -1.34883 2.42342
62.5 3.71098 3.68628 -1.92349 1.98702
63 2.63342 4.54254 -2.36127 1.41952
63.5 1.37719 5.091 -2.63466 0.763353
64 0.0286201 5.29892 -2.72932 0.0653798
64.5 -1.32205 5.15731 -2.64387 -0.627106
65 -2.58692 4.68016 -2.38874 -1.26972
65.5 -3.68585 3.90244 -1.98423 -1.82346
66 -4.5509 2.87688 -1.45841 -2.2564
66.5 -5.12964 1.6702 -0.845012 -2.54462
67 -5.38754 0.358998 -0.181468 -2.67268
67.5 -5.30932 -0.974618 0.492788 -2.63387
68 -4.89962 -2.24735 1.13791 -2.4302
68.5 -4.18274 -3.37909 1.71518 -2.07246
69 -3.20176 -4.29732 2.18867 -1.58005
69.5 -2.01663 -4.94128 2.52701 -0.980684
70 -0.701439 -5.26603 2.70547 -0.309731
70.5 0.659465 -5.24601 2.70805 0.391062
71 1.97637 -4.87767 2.5296 1.0756
71.5 3.16003 -4.18106 2.17742 1.69632
72 4.12817 -3.19958 1.67201 2.20791
72.5 4.81198 -1.9979 1.04659 2.57137
73 5.16202 -0.657738 0.344983 2.75811
73.5 5.15273 0.728176 -0.381914 2.75315
74 4.78479 2.06344 -1.08082 2.55688
74.5 4.08507 3.25572 -1.70109 2.18505
75 3.1041 4.22404 -2.19936 1.66687
75.5 1.91154 4.90474 -2.54305 1.04175
76 0.590193 5.25555 -2.71231 0.355229
76.5 -0.770527 5.25767 -2.70051 -0.34513
77 -2.08104 4.91579 -2.51342 -1.01339
77.5 -3.25743 4.25658 -2.1675 -1.60808
78 -4.22623 3.32585 -1.6879 -2.09422
78.5 -4.92829 2.18505 -1.10626 -2.44448
79 -5.32148 0.907223 -0.458691 -2.6399
79.5 -5.38246 -0.427275 0.215986 -2.67016
80 -5.10763 -1.7351 0.877913 -2.53368
80.5 -4.51325 -2.93431 1.48772 -2.23762
81 -3.63483 -3.94872 2.00811 -1.79785
81.5 -2.52565 -4.71222 2.40561 -1.23872
82 -1.25436 -5.17289 2.65249 -0.592558
82.5 0.0983757 -5.29679 2.72889 0.101321
83 1.44441 -5.07104 2.62496 0.798317
83.5 2.69354 -4.50585 2.34269 1.45107
84 3.75981 -3.63516 1.89715 2.01284
84.5 4.56809 -2.51524 1.31645 2.44153
85 5.06032 -1.22143 0.640406 2.70381
85.5 5.20067 0.157261 -0.0824938 2.77875
86 4.97884 1.52501 -0.79934 2.66033
86.5 4.41109 2.78687 -1.4578 2.35807
87 3.53863 3.85637 -2.01102 1.89596
87.5 2.42391 4.66209 -2.42162 1.30968
88 1.14507 5.15259 -2.66436 0.642744
88.5 -0.210398 5.29926 -2.72721 -0.0576408
89 -1.55223 5.09722 -2.61098 -0.74447
89.5 -2.79353 4.56435 -2.32796 -1.37415
90 -3.85599 3.73895 -1.89998 -1.90882
90.5 -4.67419 2.67651 -1.35626 -2.3179
91 -5.19869 1.44577 -0.731292 -2.57893
91.5 -5.39825 0.12462 -0.0629905 -2.678
92 -5.26106 -1.20431 0.609028 -2.60991
92.5 -4.79524 -2.45797 1.245 -2.37823
93 -4.02847 -3.55728 1.80659 -1.99525
93.5 -3.00695 -4.43144 2.2585 -1.48187
94 -1.79334 -5.02222 2.5704 -0.867206
94.5 -0.46383 -5.28783 2.71892 -0.187856
95 0.895915 -5.20639 2.68983 0.513504
95.5 2.19581 -4.77842 2.48004 1.19029
96 3.34737 -4.02812 2.09916 1.79504
96.5 4.27019 -3.00284 1.56999 2.28325
97 4.89847 -1.7706 0.927806 2.61746
97.5 5.18668 -0.415526 0.217962 2.77128
98 5.11376 0.968465 -0.50787 2.73233
98.5 4.68503 2.28512 -1.1965 2.50376
99 3.93178 3.44359 -1.79827 2.10384
99.5 2.90826 4.36556 -2.27147 1.56385
100 1.68688 4.99087 -2.58566 0.924575
100.5 0.35209 5.28128 -2.72332 0.232195
101 -1.00622 5.22215 -2.68006 -0.465764
101.5 -2.29906 4.82217 -2.46368 -1.12397
102 -3.44402 4.11158 -2.09232 -1.70197
102.5 -4.36992 3.13923 -1.5924 -2.16604
103 -5.0204 1.96889 -0.996501 -2.49031
103.5 -5.35653 0.675187 -0.341333 -2.6573
104 -5.35837 -0.660677 0.333997 -2.65821
104.5 -5.02582 -1.95529 0.9896 -2.493
105 -4.37859 -3.12739 1.58635 -2.17038
105.5 -3.45543 -4.10228 2.0875 -1.7077
106 -2.3125 -4.81601 2.46042 -1.13078
106.5 -1.02084 -5.21958 2.67861 -0.473242
107 0.337227 -5.28252 2.72382 0.224522
107.5 1.67276 -4.99589 2.58814 0.917218
108 2.89585 -4.37407 2.27581 1.55733
108.5 3.92195 -3.45506 1.80419 2.09864
109 4.67849 -2.29877 1.20362 2.50027
109.5 5.11097 -0.983367 0.515681 2.73084
110 5.18785 0.400405 -0.21003 2.77191
110.5 4.90351 1.75632 -0.920335 2.62015
111 4.27874 2.99038 -1.56352 2.28778
111.5 3.35881 4.01831 -2.09413 1.80107
112 2.20934 4.77191 -2.47678 1.19736
112.5 0.91059 5.20357 -2.68851 0.52111
113 -0.448989 5.28884 -2.71958 -0.180237
113.5 -1.77931 5.02694 -2.57294 -0.860066
114 -2.99461 4.43952 -2.26271 -1.47564
114.5 -4.0186 3.56816 -1.81217 -1.9903
115 -4.78842 2.47095 -1.2516 -2.37483
115.5 -5.25772 1.21856 -0.616237 -2.60825
116 -5.39857 -0.109999 0.0556013 -2.67816
116.5 -5.20266 -1.43169 0.724159 -2.5809
117 -4.68157 -2.66384 1.34981 -2.32158
117.5 -3.86635 -3.72852 1.89461 -1.91401
118 -2.80622 -4.55683 2.32402 -1.38056
118.5 -1.56648 -5.09314 2.60876 -0.751727
119 -0.225281 -5.29892 2.7269 -0.0652942
119.5 1.13052 -5.15607 2.66603 0.635194
120 2.41068 -4.66922 2.42521 1.30276
120.5 3.52765 -3.86669 2.01633 1.89016
121 4.40311 -2.79972 1.46449 2.35383
121.5 4.97446 -1.53951 0.806933 2.65799
122 5.20019 -0.17242 0.090447 2.7785
122.5 5.0638 1.20667 -0.632675 2.70566
123 4.57526 2.50191 -1.30951 2.44534
123.5 3.77015 3.62416 -1.89148 2.01831
124 2.70631 4.49792 -2.33867 1.45777
124.5 1.45873 5.06666 -2.62282 0.805766
125 0.113268 5.29622 -2.72874 0.108997
125.5 -1.23988 5.17611 -2.65427 -0.585165
126 -2.51251 4.71896 -2.40916 -1.23207
126.5 -3.62386 3.95852 -2.01317 -1.79234
127 -4.50511 2.94651 -1.49395 -2.23355
127.5 -5.10281 1.74893 -0.884922 -2.53128
128 -5.38126 0.441852 -0.223353 -2.66957
128.5 -5.32397 -0.892807 0.4514 -2.64114
129 -4.93431 -2.1717 1.09947 -2.44748
129.5 -4.23543 -3.3144 1.68204 -2.09882
130 -3.26924 -4.24778 2.16294 -1.61403
130.5 -2.09475 -4.91024 2.51046 -1.02035
131 -0.785262 -5.25576 2.6994 -0.352678
131.5 0.575389 -5.25746 2.71316 0.347573
132 1.89765 -4.9104 2.54587 1.0345
132.5 3.09208 -4.23312 2.204 1.66055
133 4.07577 -3.26763 1.70725 2.18012
133.5 4.77887 -2.07738 1.0881 2.55373
134 5.15063 -0.743193 0.389788 2.75202
134.5 5.16389 0.642689 -0.33709 2.7591
135 4.81767 1.98386 -1.03925 2.5744
135.5 4.13728 3.18752 -1.66576 2.21273
136 3.1719 4.17179 -2.17268 1.70257
136.5 1.99016 4.87179 -2.52667 1.0828
137 0.674241 5.24386 -2.70708 0.398707
137.5 -0.686671 5.26771 -2.70646 -0.302162
138 -2.00283 4.94661 -2.52986 -0.973675
138.5 -3.1898 4.30593 -2.19314 -1.57403
139 -4.17336 3.3904 -1.72097 -2.06777
139.5 -4.89339 2.26061 -1.14465 -2.4271
140 -5.30661 0.988994 -0.50006 -2.63252
140.5 -5.38851 -0.344405 0.174092 -2.67317
141 -5.13424 -1.65631 0.837968 -2.5469
141.5 -4.55884 -2.86455 1.45212 -2.26037
142 -3.69667 -3.89247 1.97909 -1.82889
142.5 -2.59995 -4.67321 2.38509 -1.27631
143 -1.33647 -5.15386 2.64198 -0.634466
143.5 0.0137248 -5.29926 2.72935 0.0577073
144 1.3628 -5.09514 2.63668 0.755874
144.5 2.62052 -4.55027 2.36518 1.41276
145 3.70047 -3.6971 1.92907 1.98147
145.5 4.52665 -2.59063 1.35571 2.41949
146 5.03978 -1.30512 0.684237 2.69284
146.5 5.20252 0.0710568 -0.0372735 2.77975
147 5.00296 1.44229 -0.756049 2.67319
147.5 4.45571 2.71336 -1.41958 2.38178
148 3.60054 3.79705 -1.98052 1.92866
148.5 2.4987 4.62086 -2.40083 1.34887
149 1.22756 5.13199 -2.65448 0.685583
149.5 -0.125785 5.30038 -2.72859 -0.0141147
150 -1.47106 5.11968 -2.62322 -0.703102
150.5 -2.72098 4.6064 -2.35 -1.33749
151 -3.79659 3.7977 -1.93023 -1.87903
151.5 -4.63156 2.74807 -1.39273 -2.29664
152 -5.17538 1.52559 -0.771724 -2.56735
152.5 -5.39564 0.207666 -0.104968 -2.6767
153 -5.27932 -1.12322 0.567983 -2.61897
153.5 -4.83327 -2.38391 1.20733 -2.39717
154 -4.08401 -3.49496 1.7746 -2.02306
154.5 -3.07663 -4.38493 2.23426 -1.517
155 -1.87284 -4.9947 2.55561 -0.907629
155.5 -0.5481 -5.28133 2.71478 -0.231103
156 0.812373 -5.22164 2.69692 0.47022
156.5 2.11861 -4.81471 2.4982 1.14992
157 3.28182 -4.08326 2.1274 1.76048
157.5 4.22093 -3.07326 1.60653 2.2571
158 4.86903 -1.85155 0.97012 2.60177
158.5 5.17923 -0.501421 0.263012 2.7673
159 5.12882 0.883591 -0.463386 2.74038
159.5 4.72152 2.20716 -1.15583 2.52318
160 3.98703 3.37788 -1.7643 2.1331
160.5 2.97832 4.31648 -2.24649 1.60069
161 1.76686 4.96154 -2.57119 0.966267
161.5 0.43651 5.2734 -2.72006 0.275794
162 -0.922966 5.23593 -2.68792 -0.423176
162.5 -2.22236 4.85643 -2.48184 -1.08508
163 -3.3787 4.16387 -2.1194 -1.66912
163.5 -4.31999 3.20603 -1.62657 -2.14109
164 -4.98889 2.04589 -1.03559 -2.47463
164.5 -5.34529 0.757525 -0.382972 -2.65172
165 -5.36808 -0.578149 0.292267 -2.66303
165.5 -5.05591 -1.87773 0.950247 -2.50796
166 -4.42726 -3.0597 1.55175 -2.19469
166.5 -3.51975 -4.0488 2.05983 -1.74004
167 -2.38852 -4.78034 2.44155 -1.1693
167.5 -1.10379 -5.20424 2.66997 -0.515647
168 0.252702 -5.28881 2.72625 0.1809
168.5 1.59227 -5.02369 2.6018 0.875287
169 2.82488 -4.4218 2.30006 1.52004
169.5 3.86547 -3.51969 1.83757 2.06874
170 4.64053 -2.376 1.2439 2.48007
170.5 5.09428 -1.06793 0.559994 2.72193
171 5.19367 0.314381 -0.164909 2.77501
171.5 4.9314 1.67482 -0.877714 2.63502
172 4.32666 2.91902 -1.52647 2.31322
172.5 3.42332 3.96192 -2.06522 1.8351
173 2.28587 4.73415 -2.45785 1.2374
173.5 0.993859 5.18673 -2.68059 0.564282
174 -0.364583 5.29376 -2.72291 -0.136889
174.5 -1.69928 5.05298 -2.58699 -0.819349
175 -2.92406 4.48474 -2.28632 -1.44005
175.5 -3.9619 3.62945 -1.84366 -1.9619
176 -4.74902 2.54431 -1.28894 -2.3552
176.5 -5.23797 1.29931 -0.657118 -2.59844
177 -5.39965 -0.0269187 0.0136076 -2.67869
177.5 -5.2245 -1.35147 0.68353 -2.59175
178 -4.72287 -2.59151 1.31297 -2.34217
178.5 -3.92464 -3.66869 1.86384 -1.94323
179 -2.87796 -4.51344 2.30133 -1.41678
179.5 -1.64719 -5.06918 2.59576 -0.792834
180 -0.309829 -5.29622 2.7247 -0.108757
180.5 1.04769 -5.17511 2.67509 0.592205
181 2.33515 -4.70901 2.44522 1.2632
181.5 3.46464 -3.92481 2.04617 1.85691
182 4.3571 -2.87235 1.50223 2.32939
182.5 4.94876 -1.62174 0.849957 2.64428
183 5.19669 -0.258572 0.135638 2.77663
183.5 5.08274 1.1226 -0.588631 2.71577
184 4.61526 2.42573 -1.26981 2.46662
184.5 3.82831 3.56108 -1.85894 2.04908
185 2.77849 4.45212 -2.31545 1.49567
185.5 1.53988 5.04101 -2.61029 0.848007
186 0.197887 5.29216 -2.72745 0.152625
186.5 -1.1574 5.19361 -2.66401 -0.54304
187 -2.43747 4.75659 -2.42901 -1.19409
187.5 -3.56097 4.01362 -2.04164 -1.76075
188 -4.45822 3.01543 -1.52914 -2.21015
188.5 -5.07475 1.82723 -0.924628 -2.51733
189 -5.37369 0.524599 -0.265188 -2.66581
189.5 -5.33733 -0.810781 0.40991 -2.64777
190 -4.96782 -2.09552 1.06079 -2.46415
190.5 -4.28708 -3.2489 1.64851 -2.12464
191 -3.33593 -4.1972 2.13668 -1.6476
191.5 -2.17236 -4.87798 2.49329 -1.05972
192 -0.868887 -5.24416 2.69265 -0.395498
192.5 0.491164 -5.26757 2.71757 0.304033
193 1.81845 -4.94184 2.56145 0.993174
193.5 3.02332 -4.28406 2.22998 1.62436
194 4.02227 -3.33481 1.74202 2.15177
194.5 4.74449 -2.1563 1.1293 2.53541
195 5.13785 -0.828446 0.434482 2.7452
195.5 5.17364 0.557029 -0.292171 2.76432
196 4.84926 1.90375 -0.997399 2.59123
196.5 4.18839 3.11846 -1.62997 2.23984
197 3.23887 4.11843 -2.1454 1.73785
197.5 2.06827 4.83757 -2.50961 1.12361
198 0.758116 5.23082 -2.70114 0.442122
198.5 -0.602641 5.27641 -2.71173 -0.25908
199 -1.92411 4.97619 -2.54569 -0.933686
199.5 -3.12138 4.35422 -2.21826 -1.53956
200 -4.11947 3.45412 -1.75364 -2.04081
200.5 -4.85729 2.33561 -1.18277 -2.40913
201 -5.29046 1.07053 -0.541314 -2.6245
201.5 -5.39326 -0.261452 0.132159 -2.67552
202 -5.15961 -1.57711 0.797832 -2.55951
202.5 -4.60333 -2.79409 1.41619 -2.28256
203 -3.7576 -3.83527 1.94959 -1.85947
203.5 -2.6736 -4.63304 2.36398 -1.31355
204 -1.41825 -5.13353 2.63081 -0.676179
204.5 -0.0709297 -5.30037 2.72912 0.0141173
205 1.28085 -5.11792 2.6477 0.713273
205.5 2.54682 -4.59349 2.38702 1.3741
206 3.64015 -3.75807 1.96046 1.94959
206.5 4.484 -2.66532 1.39459 2.39682
207 5.01788 -1.38847 0.727875 2.68115
207.5 5.20298 -0.0151666 0.00795746 2.77999
208 5.02574 1.35919 -0.712544 2.68535
208.5 4.49914 2.63913 -1.38095 2.40487
209 3.66149 3.73673 -1.94948 1.96086
209.5 2.57283 4.57842 -2.3794 1.38774
210 1.30973 5.11006 -2.6439 0.728281
210.5 -0.0411398 5.30014 -2.72928 0.0294537
211 -1.38951 5.14084 -2.63481 -0.661521
211.5 -2.64775 4.64732 -2.37147 -1.30048
212 -3.73626 3.85551 -1.96002 -1.84876
212.5 -4.5878 2.81897 -1.42887 -2.27481
213 -5.15082 1.60503 -0.81198 -2.55514
213.5 -5.39174 0.290663 -0.146922 -2.67477
214 -5.29629 -1.04185 0.526807 -2.6274
214.5 -4.87013 -2.30927 1.16938 -2.41552
215 -4.13856 -3.43178 1.74219 -2.05036
215.5 -3.14555 -4.33734 2.20948 -1.55173
216 -1.95187 -4.96592 2.54019 -0.947791
216.5 -0.632232 -5.2735 2.70996 -0.274254
217 0.728622 -5.23555 2.70331 0.426852
217.5 2.04085 -4.84975 2.51569 1.10928
218 3.2154 -4.13732 2.15506 1.72549
218.5 4.17054 -3.14285 1.64261 2.23037
219 4.83829 -1.93199 1.01216 2.58539
219.5 5.17037 -0.587181 0.307986 2.76257
220 5.1425 0.798479 -0.41877 2.74768
220.5 4.75673 2.1286 -1.11484 2.54193
221 4.04122 3.31128 -1.72984 2.16181
221.5 3.04761 4.26627 -2.2209 1.63714
222 1.84637 4.93093 -2.55604 1.00774
222.5 0.520819 5.26417 -2.7161 0.31936
223 -0.839482 5.2484 -2.6951 -0.380444
223.5 -2.14511 4.88948 -2.4994 -1.0459
224 -3.31255 4.21512 -2.14598 -1.63583
224.5 -4.26902 3.27205 -1.66035 -2.11561
225 -4.95616 2.1224 -1.07443 -2.45835
225.5 -5.33277 0.839681 -0.424524 -2.64551
226 -5.3765 -0.495482 0.25047 -2.66721
226.5 -5.08477 -1.79971 0.910677 -2.52231
227 -4.47485 -2.99125 1.51679 -2.21845
227.5 -3.5832 -3.99434 2.03168 -1.77192
228 -2.46395 -4.74348 2.42209 -1.20749
228.5 -1.18646 -5.18759 2.66066 -0.557885
229 0.168114 -5.29374 2.72799 0.137271
229.5 1.51137 -5.05018 2.61478 0.833164
230 2.75317 -4.46836 2.32369 1.48238
230.5 3.80796 -3.58338 1.87045 2.03831
231 4.60133 -2.45261 1.28382 2.45921
231.5 5.07623 -1.15221 0.604148 2.7123
232 5.19808 0.228271 -0.119742 2.77737
232.5 4.95796 1.59287 -0.834845 2.64919
233 4.37343 2.84689 -1.489 2.33806
233.5 3.48692 3.90448 -2.03573 1.86866
234 2.3618 4.69515 -2.43825 1.27715
234.5 1.07687 5.16856 -2.67198 0.607346
235 -0.280083 5.29733 -2.72555 -0.0934684
235.5 -1.61883 5.07776 -2.60041 -0.778393
236 -2.85279 4.52885 -2.30938 -1.40407
236.5 -3.90423 3.68986 -1.87472 -1.933
237 -4.70847 2.61705 -1.32597 -2.33499
237.5 -5.21695 1.37975 -0.697849 -2.588
238 -5.39942 0.0561679 -0.0283892 -2.67858
238.5 -5.24506 -1.27092 0.642746 -2.60196
239 -4.76302 -2.51855 1.27583 -2.36218
239.5 -3.98197 -3.60797 1.83263 -1.97196
240 -2.94898 -4.46894 2.27808 -1.45262
240.5 -1.7275 -5.04396 2.58212 -0.833708
241 -0.394298 -5.29218 2.72182 -0.152153
241.5 0.964584 -5.19281 2.68346 0.549102
242 2.259 -4.74757 2.46459 1.22334
242.5 3.40072 -3.98188 2.07546 1.82318
243 4.30993 -2.94421 1.53956 2.30434
243.5 4.92174 -1.70354 0.89274 2.62987
244 5.19178 -0.344654 0.180791 2.77401
244.5 5.10031 1.03821 -0.54442 2.72515
245 4.65403 2.3489 -1.22977 2.48725
245.5 3.88546 3.49706 -1.82589 2.07932
246 2.84994 4.40514 -2.29159 1.5332
246.5 1.62064 5.01406 -2.59707 0.890064
247 0.282456 5.28676 -2.72547 0.196252
247.5 -1.07463 5.2098 -2.67309 -0.500742
248 -2.36183 4.79304 -2.44826 -1.15578
248.5 -3.49721 4.06774 -2.06962 -1.72871
249 -4.41025 3.08362 -1.56397 -2.18619
249.5 -5.04546 1.90508 -0.964123 -2.50277
250 -5.36481 0.607219 -0.306963 -2.66141
250.5 -5.3494 -0.728559 0.368326 -2.65376
251 -5.00012 -2.01884 1.02186 -2.48022
251.5 -4.33769 -3.1826 1.61459 -2.14994
252 -3.40179 -4.14558 2.10993 -1.68073
252.5 -2.24942 -4.8445 2.47552 -1.0988
253 -0.952292 -5.23123 2.68523 -0.438181
253.5 0.406814 -5.27632 2.72129 0.260454
254 1.73876 -4.972 2.57636 0.951621
254.5 2.95376 -4.33388 2.25536 1.58778
255 3.96771 -3.4011 1.77631 2.12287
255.5 4.70882 -2.23465 1.17018 2.51642
256 5.12368 -0.913477 0.479053 2.73763
256.5 5.18201 0.471218 -0.247169 2.76879
257 4.87954 1.82313 -0.955262 2.60737
257.5 4.23839 3.04858 -1.59372 2.26637
258 3.30498 4.06399 -2.11753 1.77269
258.5 2.14584 4.80209 -2.49189 1.16415
259 0.841796 5.21643 -2.6945 0.485461
259.5 -0.518458 5.28378 -2.71631 -0.215894
260 -1.84492 5.00453 -2.56089 -0.893431
260.5 -3.05219 4.40143 -2.24285 -1.50468
261 -4.06458 3.51699 -1.7859 -2.01333
261.5 -4.82002 2.41005 -1.22062 -2.39057
262 -5.27304 1.1518 -0.582445 -2.61585
262.5 -5.39671 -0.178435 0.0901953 -2.67723
263 -5.18373 -1.49753 0.757513 -2.5715
263.5 -4.64669 -2.72295 1.37993 -2.30419
264 -3.8176 -3.77712 1.91964 -1.88957
264.5 -2.74659 -4.59173 2.34231 -1.35044
265 -1.49967 -5.11192 2.61899 -0.717686
265.5 -0.155566 -5.30013 2.72819 -0.0294377
266 1.19856 -5.13938 2.65804 0.670524
266.5 2.47246 -4.6355 2.40822 1.33512
267 3.57886 -3.81803 1.99131 1.91721
267.5 4.44015 -2.7393 1.43307 2.37351
268 4.99463 -1.47144 0.771307 2.66875
268.5 5.20203 -0.101386 0.0531863 2.77948
269 5.04716 1.27572 -0.668836 2.69678
269.5 4.54137 2.56418 -1.34194 2.42732
270 3.72147 3.67542 -1.9179 1.99256
270.5 2.6463 4.53478 -2.35733 1.42628
271 1.39156 5.08681 -2.63263 0.770828
271.5 0.043516 5.29855 -2.72927 0.0730534
272 -1.30761 5.16071 -2.64575 -0.619739
272.5 -2.57387 4.68708 -2.39237 -1.26312
273 -3.67501 3.91238 -1.98935 -1.81802
273.5 -4.54292 2.88919 -1.46469 -2.25242
274 -5.12501 1.68409 -0.85205 -2.54232
274.5 -5.38653 0.37359 -0.188843 -2.67218
275 -5.31199 -0.960233 0.485512 -2.63519
275.5 -4.90581 -2.23407 1.13116 -2.43329
276 -4.19209 -3.36777 1.70938 -2.07714
276.5 -3.21369 -4.28867 2.18418 -1.58606
277 -2.03041 -4.9359 2.52415 -0.987684
277.5 -0.716203 -5.26432 2.70445 -0.317298
278 0.644683 -5.24812 2.709 0.383414
278.5 1.96256 -4.88352 2.53251 1.06839
279 3.14814 -4.19029 2.18214 1.69006
279.5 4.11903 -3.21161 1.67824 2.20306
280 4.80625 -2.01192 1.05391 2.56831
280.5 5.16012 -0.672783 0.352873 2.75709
281 5.1548 0.713152 -0.374035 2.75425
281.5 4.79067 2.04948 -1.07352 2.56001
282 4.09433 3.24379 -1.6949 2.18996
282.5 3.11609 4.21493 -2.19471 1.67318
283 1.92541 4.89903 -2.54022 1.04899
283.5 0.604994 5.25359 -2.71144 0.362883
284 -0.755785 5.25953 -2.70161 -0.337578
284.5 -2.06732 4.92131 -2.51635 -1.00642
285 -3.24558 4.26534 -2.17205 -1.60212
285.5 -4.217 3.33727 -1.69375 -2.0896
286 -4.92224 2.19839 -1.11303 -2.44146
286.5 -5.31896 0.921634 -0.46598 -2.63865
287 -5.38362 -0.412695 0.208616 -2.67074
287.5 -5.1124 -1.72126 0.870897 -2.53605
288 -4.52135 -2.92208 1.48148 -2.24166
288.5 -3.64578 -3.93889 2.00304 -1.80334
289 -2.53877 -4.70544 2.40204 -1.24536
289.5 -1.26884 -5.16963 2.65069 -0.599947
290 0.0834815 -5.29732 2.72902 0.0936456
290.5 1.43007 -5.07537 2.62707 0.790861
291 2.68074 -4.51375 2.3467 1.44435
291.5 3.74944 -3.64612 1.9028 2.00736
292 4.56089 -2.52855 1.32339 2.4377
292.5 5.05681 -1.23618 0.648131 2.70193
293 5.20109 0.1421 -0.0745394 2.77898
293.5 4.98318 1.51049 -0.79174 2.66264
294 4.41902 2.77399 -1.45111 2.36228
294.5 3.54959 3.84601 -2.00569 1.90175
295 2.43711 4.65493 -2.418 1.3166
295.5 1.1596 5.14906 -2.66267 0.650291
296 -0.195512 5.29956 -2.7275 -0.0499853
296.5 -1.53798 5.10127 -2.61318 -0.737206
297 -2.78081 4.57184 -2.33188 -1.36772
297.5 -3.84561 3.74936 -1.90534 -1.90361
298 -4.66677 2.68915 -1.3627 -2.3142
298.5 -5.19468 1.45985 -0.73842 -2.57694
299 -5.39788 0.139241 -0.0703797 -2.67782
299.5 -5.26437 -1.19006 0.601814 -2.61155
300 -4.80201 -2.44498 1.23839 -2.3816
300.5 -4.03832 -3.54637 1.80099 -2.00018
301 -3.01927 -4.42333 2.25428 -1.48808
301.5 -1.80737 -5.01747 2.56785 -0.874338
302 -0.478668 -5.28678 2.71824 -0.195472
302.5 0.881231 -5.20917 2.69113 0.505894
303 2.18227 -4.78489 2.48329 1.1832
303.5 3.3359 -4.0379 2.10417 1.78899
304 4.2616 -3.01529 1.57645 2.27869
304.5 4.89339 -1.78488 0.93527 2.61475
305 5.18547 -0.430644 0.225893 2.77064
305.5 5.11651 0.953553 -0.500054 2.7338
306 4.69154 2.27145 -1.18937 2.50722
306.5 3.94157 3.4321 -1.79233 2.10903
307 2.92064 4.35701 -2.26712 1.57036
307.5 1.70098 4.9858 -2.58316 0.931925
308 0.366952 5.27999 -2.72279 0.239869
308.5 -0.991585 5.22467 -2.68149 -0.45828
309 -2.2856 4.82829 -2.46692 -1.11715
309.5 -3.43259 4.12086 -2.09712 -1.69622
310 -4.36121 3.15105 -1.59844 -2.16169
310.5 -5.01494 1.98248 -1.0034 -2.48759
311 -5.35464 0.689694 -0.348667 -2.65636
311.5 -5.36017 -0.646161 0.326658 -2.65911
312 -5.03121 -1.94167 0.98269 -2.49568
312.5 -4.38724 -3.11553 1.58029 -2.17469
313 -3.46681 -4.09294 2.08267 -1.71343
313.5 -2.32592 -4.80982 2.45715 -1.13758
314 -1.03546 -5.21697 2.67714 -0.480716
314.5 0.322359 -5.28372 2.7243 0.216847
315 1.65863 -5.00087 2.59059 0.909855
315.5 2.88342 -4.38255 2.28012 1.5508
316 3.91209 -3.46649 1.8101 2.09342
316.5 4.6719 -2.3124 1.21074 2.49677
317 5.10813 -0.998262 0.523488 2.72933
317.5 5.18898 0.38528 -0.202096 2.77251
318 4.90851 1.74201 -0.912855 2.62282
318.5 4.28725 2.97788 -1.55703 2.2923
319 3.37022 4.00847 -2.08909 1.80709
319.5 2.22285 4.76536 -2.4735 1.20442
320 0.92526 5.2007 -2.68716 0.528713
320.5 -0.434144 5.28981 -2.72021 -0.172615
321 -1.76526 5.03162 -2.57546 -0.852918
321.5 -2.98225 4.44756 -2.26691 -1.46941
322 -4.00869 3.57901 -1.81775 -1.98534
322.5 -4.78157 2.48391 -1.25819 -2.37142
323 -5.25433 1.23279 -0.623442 -2.60657
323.5 -5.39886 -0.0953753 0.0482112 -2.6783
324 -5.2066 -1.41759 0.71702 -2.58286
324.5 -4.68893 -2.65116 1.34335 -2.32525
325 -3.87668 -3.71805 1.88923 -1.91919
325.5 -2.8189 -4.54927 2.32007 -1.38696
326 -1.58071 -5.08901 2.60652 -0.758978
326.5 -0.240163 -5.29854 2.72656 -0.0729466
327 1.11597 -5.15951 2.66768 0.627639
327.5 2.39744 -4.6763 2.42878 1.29582
328 3.51663 -3.87699 2.02162 1.88435
328.5 4.3951 -2.81255 1.47116 2.34958
329 4.97003 -1.55401 0.81452 2.65563
329.5 5.19968 -0.187578 0.0984 2.77823
330 5.06723 1.19191 -0.624939 2.70749
330.5 4.58239 2.48856 -1.30255 2.44913
331 3.78046 3.61313 -1.88579 2.02376
331.5 2.71906 4.48995 -2.33463 1.46447
332 1.47303 5.06225 -2.62067 0.813211
332.5 0.128161 5.29561 -2.72856 0.116673
333 -1.22539 5.17929 -2.65603 -0.577764
333.5 -2.49935 4.72567 -2.4127 -1.22541
334 -3.61285 3.96829 -2.01822 -1.78681
334.5 -4.49694 2.9587 -1.50017 -2.22947
335 -5.09796 1.76274 -0.891925 -2.52887
335.5 -5.38002 0.456426 -0.23072 -2.66895
336 -5.32641 -0.878383 0.444105 -2.64235
336.5 -4.9403 -2.15833 1.09268 -2.45045
337 -4.24459 -3.30293 1.67617 -2.1034
337.5 -3.28104 -4.23895 2.15835 -1.61997
338 -2.10845 -4.90465 2.50748 -1.0273
338.5 -0.799993 -5.25381 2.69826 -0.360223
339 0.560578 -5.25934 2.71399 0.339915
339.5 1.88375 -4.91602 2.54866 1.02725
340 3.08004 -4.24216 2.20861 1.65421
340.5 4.06643 -3.27951 1.71341 2.17518
341 4.77292 -2.0913 1.09537 2.55056
341.5 5.14848 -0.758204 0.39766 2.75088
342 5.1657 0.627633 -0.329194 2.76007
342.5 4.82332 1.96981 -1.03191 2.57741
343 4.14635 3.17543 -1.65949 2.21754
343.5 3.18375 4.16248 -2.16792 1.70881
344 2.00395 4.86586 -2.52371 1.09
344.5 0.689013 5.24166 -2.70608 0.406351
345 -0.671896 5.26934 -2.70744 -0.294589
345.5 -1.98901 4.95191 -2.53269 -0.966657
346 -3.17781 4.31451 -2.1976 -1.56799
346.5 -4.16395 3.40167 -1.72675 -2.06306
347 -4.88712 2.27385 -1.15137 -2.42398
347.5 -5.30387 1.00336 -0.507329 -2.63116
348 -5.38944 -0.329808 0.166715 -2.67363
348.5 -5.13879 -1.64239 0.830918 -2.54917
349 -4.56675 -2.8522 1.44582 -2.26432
349.5 -3.70746 -3.88247 1.97393 -1.83431
350 -2.61296 -4.66622 2.38142 -1.28289
350.5 -1.35089 -5.15038 2.64006 -0.641822
351 -0.00117209 -5.29955 2.72936 0.0500348
351.5 1.34841 -5.09924 2.63867 0.74839
352 2.60761 -4.55796 2.36907 1.40598
352.5 3.68993 -3.7079 1.93463 1.9759
353 4.51924 -2.60382 1.36258 2.41555
353.5 5.03602 -1.31981 0.691929 2.69084
354 5.20271 0.0558902 -0.0293161 2.77984
354.5 5.00707 1.4277 -0.74841 2.67538
355 4.46344 2.70035 -1.41281 2.38589
355.5 3.61133 3.78652 -1.9751 1.93436
356 2.51179 4.61348 -2.39711 1.35574
356.5 1.24204 5.12823 -2.65267 0.693106
357 -0.110892 5.30043 -2.72876 -0.00645073
357.5 -1.45673 5.1235 -2.62531 -0.695799
358 -2.70814 4.61369 -2.35382 -1.331
358.5 -3.78604 3.80794 -1.93551 -1.87374
359 -4.62394 2.7606 -1.39911 -2.29284
359.5 -5.17115 1.5396 -0.778822 -2.56525
360 -5.39505 0.222281 -0.112354 -2.67641
360.5 -5.2824 -1.10891 0.560745 -2.6205
361 -4.83984 -2.37081 1.20067 -2.40044
361.5 -4.09369 -3.4839 1.76893 -2.0279
362 -3.08882 -4.37663 2.22994 -1.52314
362.5 -1.88678 -4.98972 2.55294 -0.914716
363 -0.562916 -5.28005 2.71398 -0.238704
363.5 0.79765 -5.22419 2.6981 0.462594
364 2.10496 -4.82097 2.50133 1.14278
364.5 3.2702 -4.09285 2.13231 1.75436
365 4.21214 -3.08556 1.61291 2.25244
365.5 4.86372 -1.86573 0.977536 2.59894
366 5.17777 -0.516517 0.27093 2.76652
366.5 5.13133 0.868636 -0.455545 2.74171
367 4.7278 2.19338 -1.14864 2.52653
367.5 3.99664 3.36623 -1.75827 2.13819
368 2.99057 4.30773 -2.24203 1.60714
368.5 1.78088 4.95625 -2.56858 0.97358
369 0.451355 5.27188 -2.71941 0.283462
369.5 -0.908291 5.23822 -2.68923 -0.415666
370 -2.2088 4.86234 -2.48498 -1.07821
370.5 -3.36712 4.17296 -2.12411 -1.66329
371 -4.3111 3.21771 -1.63254 -2.13665
371.5 -4.98321 2.0594 -1.04244 -2.47181
372 -5.34318 0.772001 -0.390292 -2.65067
372.5 -5.36966 -0.563607 0.284915 -2.66381
373 -5.06108 -1.86403 0.943299 -2.51053
373.5 -4.43572 -3.0477 1.54563 -2.19891
374 -3.53098 -4.03929 2.05491 -1.74568
374.5 -2.40184 -4.77394 2.43817 -1.17604
375 -1.11836 -5.20141 2.66838 -0.523093
375.5 0.237821 -5.28977 2.72661 0.173223
376 1.57807 -5.02844 2.60414 0.867889
376.5 2.81232 -4.43007 2.30427 1.51344
377 3.85543 -3.53096 1.8434 2.06343
377.5 4.63372 -2.38953 1.25095 2.47645
378 5.09121 -1.08278 0.567774 2.72029
378.5 5.19455 0.299239 -0.156966 2.77548
379 4.93617 1.66043 -0.870189 2.63756
379.5 4.33497 2.90639 -1.51991 2.31764
380 3.43457 3.95189 -2.06007 1.84104
380.5 2.29927 4.72738 -2.45444 1.24442
381 1.00848 5.18364 -2.67913 0.571867
381.5 -0.349719 5.29449 -2.72342 -0.129253
382 -1.68516 5.05744 -2.5894 -0.812158
382.5 -2.91157 4.49258 -2.29042 -1.43375
383 -3.95182 3.64015 -1.84916 -1.95685
383.5 -4.74197 2.55716 -1.29548 -2.35168
384 -5.23436 1.31349 -0.664298 -2.59665
384.5 -5.3997 -0.0122924 0.00621602 -2.67872
385 -5.22821 -1.33731 0.676363 -2.59359
385.5 -4.73002 -2.57871 1.30646 -2.34573
386 -3.9348 -3.65807 1.85838 -1.94832
386.5 -2.89051 -4.50569 2.29728 -1.42312
387 -1.66136 -5.06483 2.59341 -0.800045
387.5 -0.3247 -5.29561 2.72425 -0.116398
388 1.03308 -5.17831 2.67662 0.584629
388.5 2.3218 -4.71588 2.44868 1.25621
389 3.45346 -3.93492 2.05137 1.85101
389.5 4.34889 -2.88505 1.50883 2.32503
390 4.9441 -1.63617 0.857502 2.6418
390.5 5.19593 -0.27372 0.143586 2.77622
391 5.08593 1.10777 -0.580864 2.71747
391.5 4.62217 2.41226 -1.26279 2.4703
392 3.83844 3.54989 -1.85316 2.05444
392.5 2.79112 4.44394 -2.31129 1.5023
393 1.55412 5.03637 -2.60801 0.855421
393.5 0.212773 5.29131 -2.72715 0.160302
394 -1.14286 5.19655 -2.66565 -0.535608
394.5 -2.42421 4.76309 -2.43244 -1.18737
395 -3.54981 4.02322 -2.0466 -1.75514
395.5 -4.44986 3.02749 -1.53529 -2.20597
396 -5.06968 1.84097 -0.931595 -2.51481
396.5 -5.37222 0.539153 -0.272545 -2.66508
397 -5.33954 -0.79632 0.402597 -2.64887
397.5 -4.97359 -2.08206 1.05395 -2.46702
398 -4.29606 -3.23729 1.64256 -2.12913
398.5 -3.34758 -4.18818 2.13201 -1.65346
399 -2.18596 -4.87217 2.49021 -1.06662
399.5 -0.883581 -5.24197 2.6914 -0.40302
400 0.47633 -5.2692 2.71828 0.296367
400.5 1.80446 -4.94724 2.56413 0.985878
401 3.01114 -4.29291 2.23449 1.61796
401.5 4.01275 -3.34654 1.74809 2.14673
402 4.7383 -2.17013 1.13651 2.53212
402.5 5.13545 -0.843421 0.442334 2.74392
403 5.17522 0.541944 -0.284259 2.76516
403.5 4.85468 1.8896 -0.990005 2.59412
404 4.19727 3.10623 -1.62362 2.24455
404.5 3.25057 4.10893 -2.14053 1.74401
405 2.08196 4.83142 -2.50654 1.13076
405.5 0.772856 5.22839 -2.70002 0.449754
406 -0.587838 5.27781 -2.71259 -0.251487
406.5 -1.91021 4.98127 -2.5484 -0.92662
407 -3.10926 4.36261 -2.22263 -1.53345
407.5 -4.10988 3.46525 -1.75935 -2.03601
408 -4.85081 2.34876 -1.18945 -2.40591
408.5 -5.28749 1.08485 -0.548562 -2.62303
409 -5.39396 -0.246842 0.124775 -2.67587
409.5 -5.16394 -1.56313 0.790749 -2.56167
410 -4.61104 -2.78162 1.40983 -2.28641
410.5 -3.76822 -3.8251 1.94435 -1.8648
411 -2.68649 -4.62585 2.36021 -1.32007
411.5 -1.4326 -5.12982 2.62878 -0.683499
412 -0.0858255 -5.30042 2.72901 0.00644987
412.5 1.26639 -5.12179 2.64957 0.705761
413 2.53379 -4.60096 2.3908 1.36727
413.5 3.62944 -3.76869 1.96593 1.94393
414 4.47637 -2.67839 1.40139 2.39276
414.5 5.01389 -1.40309 0.735532 2.67902
415 5.20291 -0.0303347 0.0159157 2.77995
415.5 5.02961 1.34453 -0.704868 2.68741
416 4.50666 2.62599 -1.37411 2.40886
416.5 3.67211 3.72602 -1.94396 1.96647
417 2.58581 4.57083 -2.37557 1.39455
417.5 1.32415 5.10607 -2.64197 0.735779
418 -0.0262427 5.29996 -2.72933 0.0371242
418.5 -1.37512 5.14443 -2.63678 -0.654182
419 -2.6348 4.6544 -2.37519 -1.29393
419.5 -3.72554 3.86559 -1.96522 -1.84338
420 -4.57998 2.83138 -1.4352 -2.27091
420.5 -5.14637 1.61898 -0.819046 -2.55293
421 -5.39092 0.305267 -0.154303 -2.67436
421.5 -5.29915 -1.0275 0.519548 -2.62882
422 -4.87649 -2.29607 1.16268 -2.41869
422.5 -4.14805 -3.42057 1.73645 -2.05511
423 -3.1576 -4.32885 2.20507 -1.55781
423.5 -1.96573 -4.96072 2.53741 -0.954832
424 -0.647021 -5.27198 2.70904 -0.281837
424.5 0.713864 -5.23786 2.70436 0.419214
425 2.02711 -4.85578 2.5187 1.1021
425.5 3.20363 -4.14672 2.15987 1.71929
426 4.16155 -3.15501 1.64892 2.22561
426.5 4.83275 -1.94609 1.01953 2.58243
427 5.16867 -0.602252 0.31589 2.76166
427.5 5.14477 0.783484 -0.410907 2.74889
428 4.7628 2.11473 -1.10759 2.54516
428.5 4.05064 3.29947 -1.72373 2.16681
429 3.05972 4.25732 -2.21634 1.64351
429.5 1.86032 4.92541 -2.55331 1.01502
430 0.535642 5.26241 -2.71533 0.327022
430.5 -0.824767 5.25046 -2.69629 -0.372909
431 -2.13146 4.89517 -2.50243 -1.03897
431.5 -3.30082 4.22404 -2.1506 -1.62993
432 -4.25994 3.28359 -1.66626 -2.11107
432.5 -4.95028 2.13581 -1.08124 -2.45542
433 -5.33043 0.854123 -0.431828 -2.64435
433.5 -5.37785 -0.480916 0.243107 -2.66787
434 -5.08972 -1.78593 0.90369 -2.52478
434.5 -4.48311 -2.97913 1.5106 -2.22258
435 -3.59428 -3.98465 2.02667 -1.77748
435.5 -2.47716 -4.73686 2.41861 -1.21418
436 -1.20098 -5.18452 2.65896 -0.565301
436.5 0.153223 -5.29447 2.72822 0.129594
437 1.49709 -5.05471 2.61699 0.825733
437.5 2.74048 -4.47643 2.32779 1.47571
438 3.79774 -3.59449 1.87618 2.0329
438.5 4.5943 -2.46601 1.29081 2.45547
439 5.07291 -1.167 0.611899 2.71053
439.5 5.19871 0.213116 -0.111791 2.77771
440 4.96249 1.5784 -0.827278 2.6516
440.5 4.38154 2.83412 -1.48236 2.34237
441 3.49801 3.89427 -2.03049 1.87452
441.5 2.3751 4.68817 -2.43474 1.28411
442 1.09145 5.16523 -2.67039 0.614912
442.5 -0.265205 5.29782 -2.72595 -0.0858205
443 -1.60463 5.082 -2.6027 -0.77116
443.5 -2.84017 4.5365 -2.31338 -1.3977
444 -3.89398 3.7004 -1.88014 -1.92786
444.5 -4.70121 2.62979 -1.33246 -2.33137
445 -5.21313 1.39387 -0.705001 -2.5861
445.5 -5.39924 0.0707937 -0.0357806 -2.67849
446 -5.24855 -1.2567 0.635552 -2.6037
446.5 -4.76997 -2.50564 1.26926 -2.36564
447 -3.99196 -3.59719 1.82709 -1.97696
447.5 -2.9614 -4.46099 2.27393 -1.45889
448 -1.74158 -5.03938 2.57966 -0.840876
448.5 -0.409153 -5.29132 2.72124 -0.159782
449 0.949934 -5.19578 2.68486 0.541506
449.5 2.24554 -4.75423 2.46793 1.2163
450 3.38938 -3.99181 2.08055 1.8172
450.5 4.30151 -2.95677 1.54608 2.29987
451 4.91684 -1.71788 0.900242 2.62726
451.5 5.19077 -0.359789 0.188731 2.77347
452 5.10326 1.02334 -0.536624 2.72673
452.5 4.66072 2.33532 -1.22268 2.49081
453 3.89541 3.4857 -1.82002 2.08459
453.5 2.86244 4.39676 -2.28733 1.53977
454 1.63481 5.00918 -2.59467 0.897444
454.5 0.297331 5.28567 -2.72505 0.203929
455 -1.06003 5.21251 -2.67461 -0.49328
455.5 -2.34846 4.79933 -2.45159 -1.149
456 -3.4859 4.07717 -2.0745 -1.72302
456.5 -4.4017 3.09554 -1.57006 -2.18192
457 -5.04018 1.91874 -0.971052 -2.50014
457.5 -5.36312 0.621749 -0.314308 -2.66056
458 -5.35139 -0.714065 0.360998 -2.65474
458.5 -5.00568 -2.00529 1.01498 -2.48298
459 -4.34648 -3.17085 1.60858 -2.15433
459.5 -3.41329 -4.13638 2.10517 -1.68652
460 -2.26292 -4.83848 2.47233 -1.10565
460.5 -0.966945 -5.22881 2.68386 -0.445678
461 0.391959 -5.27772 2.72187 0.252782
461.5 1.7247 -4.97718 2.57892 0.944287
462 2.94144 -4.34252 2.25976 1.5813
462.5 3.958 -3.41267 1.78229 2.11773
463 4.70242 -2.24837 1.17734 2.51301
463.5 5.12104 -0.928411 0.486882 2.73622
464 5.18334 0.456109 -0.239243 2.76949
464.5 4.88473 1.80889 -0.947819 2.61014
465 4.24707 3.0362 -1.5873 2.27097
465.5 3.31653 4.0543 -2.11257 1.77878
466 2.15943 4.79572 -2.4887 1.17126
466.5 0.8565 5.21376 -2.69326 0.493079
467 -0.50363 5.28494 -2.71705 -0.208284
467.5 -1.83093 5.00939 -2.5635 -0.886319
468 -3.03994 4.40963 -2.24712 -1.4985
468.5 -4.05481 3.52797 -1.79154 -2.00844
469 -4.81333 2.4231 -1.22726 -2.38724
469.5 -5.26984 1.16608 -0.589671 -2.61426
470 -5.39718 -0.163816 0.0828069 -2.67747
470.5 -5.18784 -1.48348 0.750398 -2.57354
471 -4.65421 -2.71036 1.37351 -2.30794
471.5 -3.82807 -3.76679 1.91432 -1.89482
472 -2.75936 -4.58434 2.33844 -1.35689
472.5 -1.51396 -5.10798 2.61684 -0.724969
473 -0.170457 -5.29995 2.72795 -0.0370981
473.5 1.18405 -5.14302 2.65979 0.662987
474 2.4593 -4.64277 2.41189 1.32823
474.5 3.56798 -3.82848 1.99669 1.91146
475 4.43231 -2.75224 1.4398 2.36934
475.5 4.9904 -1.48599 0.778926 2.66649
476 5.20172 -0.116552 0.061143 2.77932
476.5 5.05079 1.261 -0.661126 2.69872
477 4.54868 2.55093 -1.33503 2.4312
477.5 3.73192 3.66453 -1.91229 1.99809
478 2.65915 4.52698 -2.35338 1.43302
478.5 1.40593 5.08259 -2.63057 0.778298
479 0.0584132 5.29813 -2.72919 0.0807285
479.5 -1.29317 5.16408 -2.64761 -0.612365
480 -2.5608 4.69396 -2.39599 -1.2565
480.5 -3.66413 3.92229 -1.99447 -1.81256
481 -4.53491 2.90148 -1.47096 -2.24842
481.5 -5.12034 1.69797 -0.859083 -2.54
482 -5.38548 0.38818 -0.196217 -2.67166
482.5 -5.31463 -0.94584 0.478232 -2.6365
483 -4.91197 -2.22077 1.12441 -2.43635
483.5 -4.2014 -3.35641 1.70356 -2.0818
484 -3.2256 -4.28 2.17967 -1.59206
484.5 -2.04419 -4.93049 2.52126 -0.994677
485 -0.730962 -5.26257 2.70341 -0.324861
485.5 0.629894 -5.25019 2.70993 0.375763
486 1.94872 -4.88933 2.5354 1.06116
486.5 3.13622 -4.1995 2.18684 1.68378
487 4.10986 -3.22362 1.68447 2.1982
487.5 4.80048 -2.02592 1.06123 2.56524
488 5.15817 -0.687824 0.360761 2.75605
488.5 5.15682 0.698121 -0.366153 2.75533
489 4.79651 2.0355 -1.06622 2.56312
489.5 4.10357 3.23182 -1.68871 2.19486
490 3.12805 4.20578 -2.19004 1.67948
490.5 1.93927 4.89329 -2.53736 1.05622
491 0.619791 5.25159 -2.71055 0.370537
491.5 -0.741035 5.26136 -2.70268 -0.330021
492 -2.05357 4.92679 -2.51927 -0.999441
492.5 -3.23371 4.27407 -2.17658 -1.59614
493 -4.20774 3.34867 -1.69959 -2.08497
493.5 -4.91614 2.21171 -1.1198 -2.43843
494 -5.3164 0.936038 -0.473266 -2.63738
494.5 -5.38474 -0.39811 0.201244 -2.67129
495 -5.11713 -1.70741 0.863875 -2.5384
495.5 -4.52942 -2.90983 1.47523 -2.24569
496 -3.6567 -3.92902 1.99795 -1.80883
496.5 -2.55187 -4.69862 2.39846 -1.25199
497 -1.2833 -5.16634 2.64887 -0.607331
497.5 0.068585 -5.29781 2.72914 0.0859696
498 1.41573 -5.07966 2.62916 0.783399
498.5 2.66792 -4.52161 2.35068 1.43763
499 3.73904 -3.65706 1.90844 2.00186
499.5 4.55365 -2.54184 1.33031 2.43385
500 5.05325 -1.25091 0.655851 2.70003
500.5 5.20148 0.126936 -0.0665836 2.77919
501 4.98748 1.49595 -0.784132 2.66494
501.5 4.42693 2.76109 -1.4444 2.36648
502 3.56053 3.83562 -2.00035 1.90752
502.5 2.4503 4.64772 -2.41437 1.32351
503 1.17413 5.14549 -2.66096 0.657835
503.5 -0.180624 5.29981 -2.72777 -0.0423273
504 -1.5237 5.10528 -2.61536 -0.729934
504.5 -2.76807 4.57929 -2.33578 -1.36129
505 -3.83519 3.75974 -1.91068 -1.89839
505.5 -4.65931 2.70178 -1.36913 -2.31048
506 -5.19063 1.47392 -0.745543 -2.57492
506.5 -5.39748 0.153863 -0.0777692 -2.67761
507 -5.26763 -1.17579 0.594595 -2.61317
507.5 -4.80876 -2.43196 1.23178 -2.38496
508 -4.04814 -3.53543 1.79538 -2.0051
508.5 -3.03156 -4.41519 2.25003 -1.49428
509 -1.82138 -5.01267 2.56527 -0.881463
509.5 -0.493503 -5.28569 2.71755 -0.203087
510 0.866538 -5.2119 2.69241 0.498281
510.5 2.16871 -4.79133 2.48651 1.17611
