0 1 0 0 6.28
0.5 -1.00101 0.00248066 -0.0160981 -6.27388
1 1.00017 -0.00573905 0.0360851 6.27931
1.5 -1.00117 0.00916433 -0.0579194 -6.27303
2 1.00029 -0.013289 0.0835103 6.27826
2.5 -1.00125 0.0176562 -0.111048 -6.2717
3 1.00032 -0.0226473 0.142251 6.27661
3.5 -1.00121 0.0279536 -0.175457 -6.26963
4 1.00019 -0.0338108 0.212276 6.27404
4.5 -1.00099 0.0400523 -0.251112 -6.26645
5 0.999859 -0.0467748 0.293547 6.27017
5.5 -1.00053 0.053947 -0.337967 -6.26176
6 0.99925 -0.0615327 0.386013 6.26457
6.5 -0.999752 0.0696296 -0.435965 -6.2551
7 0.998285 -0.0780753 0.489607 6.25673
7.5 -0.998575 0.0870897 -0.545029 -6.24594
8 0.996874 -0.0963903 0.604242 6.24611
8.5 -0.996905 0.106313 -0.665061 -6.2337
9 0.99492 -0.116461 0.729806 6.23209
9.5 -0.994638 0.12728 -0.795933 -6.21774
10 0.992316 -0.138267 0.866157 6.21402
10.5 -0.991665 0.149968 -0.937487 -6.19738
11 0.988947 -0.16178 1.01312 6.19116
11.5 -0.987864 0.174346 -1.08952 -6.17186
12 0.984689 -0.186968 1.17046 6.16275
12.5 -0.98311 0.200375 -1.2518 -6.14039
13 0.979409 -0.213787 1.33793 6.12797
13.5 -0.977266 0.228011 -1.42401 -6.10214
14 0.972971 -0.242187 1.51518 6.08597
14.5 -0.970191 0.257198 -1.60581 -6.05622
15 0.965227 -0.272108 1.70183 6.03582
15.5 -0.961735 0.287868 -1.79678 -6.00172
16 0.956026 -0.303476 1.89743 5.97661
16.5 -0.951746 0.319944 -1.99641 -5.93767
17 0.945212 -0.336208 2.10144 5.90734
17.5 -0.940064 0.353334 -2.20412 -5.86311
18 0.932625 -0.370204 2.31322 5.82704
18.5 -0.926529 0.387932 -2.41926 -5.77702
