0 1 0 0 6.28
0.097 0.819937 0.57214 -3.59728 5.149
0.194 0.344464 0.938102 -5.90103 2.16054
0.291 -0.255231 0.965583 -6.07755 -1.61275
0.388 -0.762625 0.644116 -4.05624 -4.8088
0.485 -0.993982 0.0895631 -0.564143 -6.26719
0.582 -0.865362 -0.49742 3.13276 -5.45634
0.679 -0.423443 -0.904353 5.69311 -2.67195
0.776 0.171634 -0.984321 6.19284 1.07356
0.873 0.704821 -0.70897 4.45809 4.42573
0.97 0.984004 -0.178056 1.11932 6.17954
1.067 0.908808 0.416996 -2.62159 5.70726
1.164 0.506254 0.861813 -5.42027 3.17774
1.261 -0.0788218 0.995808 -6.26668 -0.502309
1.358 -0.63536 0.770099 -4.84898 -4.00687
1.455 -0.961993 0.265809 -1.67423 -6.06551
1.552 -0.940261 -0.334721 2.10823 -5.92849
1.649 -0.578052 -0.814068 5.12553 -3.64581
1.746 -0.00670085 -0.998973 6.28613 -0.0484449
1.843 0.567136 -0.8231 5.17647 3.56043
1.94 0.936527 -0.350416 2.20295 5.88136
2.037 0.968598 0.248506 -1.56223 6.08279
2.134 0.651825 0.75791 -4.7661 4.0927
2.231 0.10012 0.994072 -6.25464 0.623669
2.328 -0.487669 0.871326 -5.48555 -3.07646
2.425 -0.899047 0.433502 -2.7303 -5.66868
2.522 -0.984906 -0.161249 1.01567 -6.20996
2.619 -0.714082 -0.697616 4.39292 -4.50289
2.716 -0.184822 -0.981569 6.17771 -1.1695
2.813 0.411282 -0.910864 5.7293 2.58067
2.91 0.859082 -0.511566 3.21629 5.3949
3.007 0.997398 0.0720625 -0.45301 6.26365
3.104 0.776524 0.629734 -3.95957 4.87625
3.201 0.275852 0.960447 -6.04201 1.72906
3.298 -0.324304 0.944554 -5.9456 -2.04764
3.395 -0.807174 0.58725 -3.6983 -5.08957
3.492 -0.997853 0.0174132 -0.109689 -6.2916
3.589 -0.82715 -0.558729 3.51874 -5.21547
3.686 -0.357011 -0.932651 5.87084 -2.25359
3.783 0.242246 -0.969437 6.09875 1.5177
3.88 0.754139 -0.656343 4.12695 4.73561
3.977 0.994288 -0.106688 0.670667 6.24412
4.074 0.876363 0.481395 -3.02656 5.50346
4.171 0.442742 0.896028 -5.63582 2.77847
4.268 -0.15052 0.987444 -6.2145 -0.953579
4.365 -0.689336 0.722111 -4.54707 -4.34696
4.462 -0.978686 0.195517 -1.23152 -6.17075
4.559 -0.913611 -0.401868 2.53108 -5.76048
4.656 -0.517733 -0.853772 5.37518 -3.26582
4.753 0.0654411 -0.996923 6.27277 0.405485
4.85 0.625051 -0.780107 4.90579 3.92443
4.947 0.959366 -0.282027 1.77296 6.0248
5.044 0.948155 0.317648 -1.99693 5.95439
5.141 0.595446 0.802893 -5.04925 3.73837
5.238 0.0280982 0.998634 -6.2838 0.170526
5.335 -0.549331 0.833752 -5.24933 -3.46488
5.432 -0.92802 0.367331 -2.3136 -5.85132
5.529 -0.970676 -0.232075 1.46175 -6.12024
5.626 -0.661816 -0.747454 4.70649 -4.17354
5.723 -0.113465 -0.992425 6.24558 -0.720341
5.82 0.475941 -0.878885 5.52778 2.98717
5.917 0.893745 -0.448342 2.81869 5.61264
6.014 0.989607 0.143733 -0.903566 6.21472
6.111 0.729077 0.684036 -4.30121 4.57814
6.208 0.205817 0.97778 -6.15148 1.28857
6.305 -0.391666 0.918596 -5.7826 -2.47183
6.402 -0.847491 0.527325 -3.32105 -5.34369
6.499 -0.996501 -0.0548112 0.345236 -6.28307
6.596 -0.78462 -0.617101 3.88617 -4.94741
6.693 -0.288729 -0.956069 6.01783 -1.82364
6.79 0.311578 -0.9495 5.9729 1.95373
6.887 0.79952 -0.60031 3.77445 5.02072
6.984 0.999396 -0.0347815 0.218635 6.27619
7.081 0.839364 0.543275 -3.41573 5.27104
7.178 0.376938 0.925566 -5.822 2.36473
7.275 -0.221416 0.973928 -6.12987 -1.39986
7.372 -0.739696 0.670357 -4.22139 -4.6643
7.469 -0.990253 0.124219 -0.782438 -6.24367
7.566 -0.882188 -0.466898 2.94056 -5.56238
7.663 -0.454721 -0.889006 5.59663 -2.86893
7.76 0.137225 -0.989673 6.22669 0.857096
7.857 0.679697 -0.733061 4.60967 4.26784
7.954 0.977208 -0.212185 1.33387 6.13685
8.051 0.922783 0.385121 -2.42118 5.79503
8.148 0.535978 0.843683 -5.30609 3.36459
8.245 -0.0440535 0.997985 -6.28017 -0.2835
8.342 -0.608108 0.79183 -4.98568 -3.83516
8.439 -0.952132 0.299252 -1.88487 -6.00333
8.536 -0.95137 -0.30167 1.90007 -5.99852
8.633 -0.606102 -0.793373 4.99534 -3.82251
8.73 -0.0415312 -0.9981 6.28082 -0.267627
8.827 0.538105 -0.842335 5.29756 3.37794
8.924 0.923751 -0.382801 2.40656 5.8011
9.021 0.976671 0.21464 -1.34933 6.13347
9.118 0.677847 0.734766 -4.62044 4.25622
9.215 0.134726 0.99001 -6.22888 0.841376
9.312 -0.456968 0.887846 -5.58939 -2.88309
9.409 -0.883367 0.464656 -2.92647 -5.56983
9.506 -0.989935 -0.126732 0.798243 -6.24166
9.603 -0.737998 -0.672233 4.23316 -4.65359
9.7 -0.218956 -0.974491 6.13334 -1.38437
9.797 0.379271 -0.92462 5.81598 2.37939
9.894 0.84073 -0.541167 3.40244 5.2796
9.991 0.999306 0.0372891 -0.234425 6.27562
10.088 0.798007 0.602314 -3.78709 5.01122
10.185 0.309185 0.950276 -5.97784 1.93869
10.282 -0.291141 0.955332 -6.01325 -1.83883
10.379 -0.786177 0.615111 -3.87368 -4.95723
10.476 -0.996637 0.0522865 -0.32936 -6.28392
10.573 -0.846158 -0.529471 3.33452 -5.33527
10.67 -0.38935 -0.919588 5.78877 -2.45723
10.767 0.208277 -0.977266 6.14818 1.30404
10.864 0.730793 -0.682211 4.28968 4.5889
10.961 0.989965 -0.141257 0.88797 6.21696
11.058 0.892619 0.450577 -2.83277 5.60556
11.155 0.473733 0.880071 -5.5353 2.9733
11.252 -0.115959 0.992131 -6.24379 -0.736042
11.349 -0.663695 0.74578 -4.696 -4.18539
11.446 -0.971258 0.229624 -1.44634 -6.12391
11.543 -0.927094 -0.369672 2.32831 -5.84546
11.64 -0.547235 -0.835138 5.25798 -3.45166
11.737 0.0306021 -0.998568 6.2833 0.186279
11.834 0.597454 -0.801408 5.03985 3.75097
11.931 0.948947 -0.315285 1.98204 5.95934
12.028 0.95866 0.284415 -1.788 6.02036
12.125 0.623101 0.78166 -4.9156 3.91218
12.222 0.0629479 0.997078 -6.2738 0.3898
12.319 -0.519869 0.852468 -5.36701 -3.27929
12.416 -0.914616 0.399573 -2.51665 -5.76681
12.513 -0.978195 -0.197974 1.24696 -6.16763
12.61 -0.68753 -0.72384 4.55789 -4.33555
12.707 -0.148056 -0.987825 6.21681 -0.938063
12.804 0.444972 -0.894931 5.62885 2.79247
12.901 0.877558 -0.479224 3.01287 5.51094
12.998 0.994022 0.109149 -0.686166 6.24243
13.095 0.752509 0.658207 -4.13871 4.72536
13.192 0.239837 0.97003 -6.10253 1.50255
13.289 -0.35933 0.931755 -5.86525 -2.2682
13.386 -0.82854 0.556664 -3.50576 -5.22423
13.483 -0.997809 -0.0199024 0.12534 -6.2913
13.58 -0.805714 -0.589262 3.71091 -5.08035
13.677 -0.321962 -0.945364 5.95062 -2.03288
13.774 0.278228 -0.959771 6.03767 1.74399
13.871 0.778077 -0.627824 3.9475 4.88598
13.968 0.997575 -0.0696109 0.437571 6.26474
14.065 0.85782 0.513675 -3.22958 5.38697
14.162 0.409037 0.911871 -5.73567 2.56656
14.259 -0.187243 0.981106 -6.17484 -1.18474
14.356 -0.715803 0.695846 -4.38181 -4.51374
14.453 -0.985303 0.158812 -1.00034 -6.21245
14.55 -0.897978 -0.435725 2.74425 -5.66191
14.647 -0.485525 -0.872532 5.49307 -3.06294
14.744 0.102559 -0.993832 6.25304 0.63901
14.841 0.65368 -0.756321 4.75603 4.10433
14.938 0.969205 -0.246145 1.54735 6.08657
15.035 0.935671 0.352696 -2.2173 5.87597
15.132 0.565126 0.824478 -5.18517 3.5478
15.229 -0.00914136 0.998949 -6.28603 -0.0638018
15.326 -0.580042 0.812648 -5.11663 -3.65834
15.423 -0.941079 0.332416 -2.09373 -5.93364
15.52 -0.961344 -0.268165 1.68903 -6.06138
15.617 -0.633483 -0.771655 4.8587 -3.99501
15.714 -0.076401 -0.996006 6.26783 -0.48707
15.811 0.508343 -0.860592 5.41251 3.19085
15.908 0.909817 -0.414804 2.60777 5.71356
16.005 0.983574 0.180426 -1.13425 6.17682
16.102 0.703109 0.710666 -4.46878 4.41496
16.199 0.169256 0.984729 -6.19544 1.0586
16.296 -0.425629 0.903323 -5.68666 -2.68572
16.393 -0.866564 0.495322 -3.11956 -5.4639
16.49 -0.993766 -0.0919706 0.579277 -6.2658
16.587 -0.761072 -0.645962 4.06779 -4.79898
16.684 -0.25291 -0.966204 6.08136 -1.59812
16.781 0.346713 -0.937283 5.89579 2.17466
16.878 0.821305 -0.570186 3.58493 5.15756
16.975 1 0.00238041 -0.0149904 6.27997
17.072 0.818573 0.574089 -3.60956 5.14042
17.169 0.342227 0.938917 -5.9062 2.14647
17.266 -0.257535 0.964968 -6.07371 -1.62725
17.363 -0.764162 0.64229 -4.04476 -4.81848
17.46 -0.994196 0.0871859 -0.549194 -6.26851
17.557 -0.864178 -0.499488 3.14572 -5.44883
17.654 -0.421296 -0.905366 5.69939 -2.6584
17.751 0.173966 -0.983922 6.19023 1.08821
17.848 0.706496 -0.707313 4.4476 4.43621
17.945 0.984425 -0.175743 1.10475 6.18215
18.042 0.907827 0.419129 -2.63502 5.70108
18.139 0.504226 0.862998 -5.42776 3.16499
18.236 -0.0811665 0.995616 -6.26551 -0.517065
18.333 -0.637174 0.768597 -4.83955 -4.01829
18.43 -0.962619 0.263537 -1.65995 -6.06943
18.527 -0.939475 -0.336938 2.12215 -5.9235
18.624 -0.576143 -0.815431 5.13403 -3.63375
18.721 -0.00436438 -0.998996 6.28618 -0.0337423
18.818 0.569056 -0.821785 5.16811 3.57247
