0 39.482 0 0 0.16
10.3 38.1236 1.6288 -0.266758 0.154304
20.6 33.8482 3.12814 -0.575098 0.133482
30.9 25.8418 4.26277 -1.01713 0.0766723
41.2 10.891 4.05975 -2.18272 -0.233568
51.5 10.8608 -36.3329 1.65253 -4.88765
61.8 27.6521 -85.9285 1.61744 -4.77457
72.1 44.2538 -134.928 1.60764 -4.74441
82.4 60.7863 -183.715 1.60301 -4.73036
92.7 77.2823 -232.393 1.60031 -4.72221
103 93.7558 -281.003 1.59854 -4.7169
113.3 110.214 -329.566 1.59729 -4.71315
123.6 126.661 -378.097 1.59636 -4.71037
133.9 143.1 -426.602 1.59564 -4.70822
144.2 159.532 -475.088 1.59506 -4.70651
154.5 175.958 -523.557 1.5946 -4.70512
164.8 192.381 -572.014 1.59421 -4.70396
175.1 208.799 -620.459 1.59388 -4.70299
185.4 225.215 -668.896 1.5936 -4.70215
195.7 241.628 -717.324 1.59336 -4.70143
206 258.038 -765.746 1.59314 -4.7008
216.3 274.446 -814.161 1.59296 -4.70024
226.6 290.853 -862.571 1.59279 -4.69975
236.9 307.258 -910.976 1.59264 -4.69931
247.2 323.661 -959.377 1.59251 -4.69892
257.5 340.064 -1007.77 1.59239 -4.69856
267.8 356.465 -1056.17 1.59228 -4.69823
278.1 372.865 -1104.56 1.59218 -4.69794
288.4 389.264 -1152.94 1.59209 -4.69767
298.7 405.662 -1201.33 1.592 -4.69742
309 422.059 -1249.71 1.59192 -4.69719
319.3 438.455 -1298.09 1.59185 -4.69697
329.6 454.851 -1346.47 1.59179 -4.69677
339.9 471.246 -1394.85 1.59172 -4.69659
350.2 487.641 -1443.22 1.59167 -4.69642
360.5 504.034 -1491.59 1.59161 -4.69626
370.8 520.428 -1539.96 1.59156 -4.69611
381.1 536.821 -1588.33 1.59151 -4.69597
391.4 553.213 -1636.7 1.59147 -4.69583
401.7 569.605 -1685.07 1.59142 -4.69571
412 585.996 -1733.43 1.59138 -4.69559
422.3 602.387 -1781.79 1.59135 -4.69548
432.6 618.778 -1830.16 1.59131 -4.69537
442.9 635.168 -1878.52 1.59128 -4.69527
453.2 651.558 -1926.88 1.59124 -4.69517
463.5 667.948 -1975.24 1.59121 -4.69508
473.8 684.337 -2023.6 1.59118 -4.695
484.1 700.726 -2071.96 1.59116 -4.69492
494.4 717.115 -2120.31 1.59113 -4.69484
504.7 733.504 -2168.67 1.59111 -4.69476
515 749.892 -2217.03 1.59108 -4.69469
525.3 766.28 -2265.38 1.59106 -4.69462
535.6 782.668 -2313.74 1.59104 -4.69455
545.9 799.055 -2362.09 1.59101 -4.69449
556.2 815.443 -2410.44 1.59099 -4.69443
566.5 831.83 -2458.79 1.59097 -4.69437
576.8 848.217 -2507.15 1.59095 -4.69432
587.1 864.603 -2555.5 1.59094 -4.69426
597.4 880.99 -2603.85 1.59092 -4.69421
607.7 897.376 -2652.2 1.5909 -4.69416
618 913.763 -2700.55 1.59089 -4.69411
628.3 930.149 -2748.9 1.59087 -4.69407
638.6 946.534 -2797.25 1.59085 -4.69402
648.9 962.92 -2845.59 1.59084 -4.69398
659.2 979.306 -2893.94 1.59083 -4.69394
669.5 995.691 -2942.29 1.59081 -4.69389
679.8 1012.08 -2990.64 1.5908 -4.69386
690.1 1028.46 -3038.98 1.59079 -4.69382
700.4 1044.85 -3087.33 1.59077 -4.69378
710.7 1061.23 -3135.67 1.59076 -4.69374
721 1077.62 -3184.02 1.59075 -4.69371
731.3 1094 -3232.36 1.59074 -4.69368
741.6 1110.39 -3280.71 1.59073 -4.69364
751.9 1126.77 -3329.05 1.59072 -4.69361
762.2 1143.15 -3377.4 1.59071 -4.69358
772.5 1159.54 -3425.74 1.5907 -4.69355
782.8 1175.92 -3474.08 1.59069 -4.69352
793.1 1192.31 -3522.43 1.59068 -4.69349
803.4 1208.69 -3570.77 1.59067 -4.69347
813.7 1225.07 -3619.11 1.59066 -4.69344
824 1241.46 -3667.46 1.59065 -4.69341
834.3 1257.84 -3715.8 1.59064 -4.69339
844.6 1274.23 -3764.14 1.59063 -4.69336
854.9 1290.61 -3812.48 1.59062 -4.69334
865.2 1306.99 -3860.82 1.59062 -4.69332
875.5 1323.38 -3909.16 1.59061 -4.69329
885.8 1339.76 -3957.5 1.5906 -4.69327
896.1 1356.14 -4005.84 1.59059 -4.69325
906.4 1372.52 -4054.18 1.59059 -4.69323
916.7 1388.91 -4102.52 1.59058 -4.69321
927 1405.29 -4150.86 1.59057 -4.69319
937.3 1421.67 -4199.2 1.59057 -4.69317
947.6 1438.06 -4247.54 1.59056 -4.69315
957.9 1454.44 -4295.88 1.59055 -4.69313
968.2 1470.82 -4344.22 1.59055 -4.69311
978.5 1487.2 -4392.56 1.59054 -4.69309
988.8 1503.59 -4440.9 1.59053 -4.69307
999.1 1519.97 -4489.24 1.59053 -4.69306
