0 1 0 0 6.28
0.3 -0.274416 1.1175 -5.46272 -0.455983
0.6 -1.25015 0.0567903 -0.0634549 -4.92816
0.9 -0.208182 -1.04581 6.04158 -0.401033
1.2 1.07828 0.209408 0.0276481 6.12053
1.5 0.137272 1.40519 -4.40945 1.17336
1.8 -1.0451 0.954133 -2.53404 -3.76992
2.1 -0.926369 -0.553033 4.24737 -4.64862
2.4 0.975658 -0.611852 4.71386 4.06122
2.7 1.42112 0.814165 -0.888917 4.10031
3 0.710812 1.65912 -3.35668 1.32507
3.3 -0.415757 1.51216 -3.643 -2.53913
3.6 -1.03285 0.0311961 1.40005 -6.80942
3.9 0.628687 -1.13872 6.04703 0.200479
4.2 1.92098 -0.53606 2.72799 2.75695
4.5 2.3568 0.346069 0.347358 2.90265
4.8 2.17103 1.14386 -1.51551 2.29494
5.1 1.4636 1.66344 -3.16835 0.997794
5.4 0.289062 1.61795 -4.52329 -1.76136
5.7 -0.91313 0.212543 -0.867734 -8.07045
6 0.183892 -1.61936 4.77129 -3.09484
6.3 1.48146 -2.08277 3.78763 -0.588067
6.6 2.46917 -2.0819 2.83603 0.441603
6.9 3.19615 -1.85587 2.03537 1.00436
7.2 3.69771 -1.49732 1.32112 1.35392
7.5 3.99196 -1.05423 0.644706 1.57911
7.8 4.08434 -0.557696 -0.0321834 1.7142
8.1 3.96908 -0.0330101 -0.747983 1.76596
8.4 3.62753 0.492895 -1.55324 1.71517
8.7 3.02168 0.981156 -2.53257 1.49239
9 2.07731 1.35383 -3.85952 0.862026
9.3 0.642953 1.37203 -5.84828 -1.37047
9.6 -0.991609 -0.214006 -1.12451 -8.50887
9.9 -0.521527 -2.19428 2.19021 -4.99346
10.2 0.172285 -3.4318 2.32026 -3.51284
10.5 0.856186 -4.35876 2.22601 -2.7514
10.8 1.50625 -5.10587 2.10725 -2.26795
11.1 2.12101 -5.73145 1.99286 -1.92381
11.4 2.70278 -6.26719 1.88756 -1.66092
11.7 3.25435 -6.73256 1.79127 -1.45029
12 3.77824 -7.14052 1.70287 -1.27564
12.3 4.27666 -7.50023 1.62119 -1.12701
12.6 4.75145 -7.81845 1.54518 -0.997944
12.9 5.20419 -8.10033 1.47398 -0.884027
13.2 5.6362 -8.34992 1.40687 -0.782129
13.5 6.04862 -8.57046 1.34324 -0.689957
13.8 6.44241 -8.7646 1.28261 -0.605786
14.1 6.81842 -8.93453 1.22456 -0.52829
14.4 7.17735 -9.08207 1.16875 -0.456427
14.7 7.51984 -9.20881 1.11488 -0.389368
15 7.84642 -9.31606 1.06269 -0.32644
15.3 8.15758 -9.40499 1.01196 -0.267092
15.6 8.45371 -9.47659 0.962502 -0.210866
15.9 8.73518 -9.53175 0.91414 -0.157379
16.2 9.00228 -9.57123 0.86672 -0.106303
16.5 9.25528 -9.59572 0.820104 -0.0573615
16.8 9.4944 -9.60582 0.774166 -0.010313
17.1 9.71983 -9.60206 0.728789 0.0350514
17.4 9.93172 -9.58492 0.683866 0.0789151
17.7 10.1302 -9.55483 0.639294 0.12144
18 10.3153 -9.51216 0.594978 0.16277
18.3 10.4872 -9.45726 0.550824 0.203034
18.6 10.6458 -9.39042 0.506743 0.24235
