0 9.582 0 0 2.06
0.5 9.52831 1.02809 -0.214547 2.04846
1 9.36789 2.04468 -0.426477 2.014
1.5 9.10269 3.03839 -0.633219 1.95711
2 8.73593 3.99821 -0.832297 1.87859
2.5 8.27204 4.91359 -1.02137 1.77953
3 7.71657 5.77458 -1.19826 1.66129
3.5 7.07612 6.57198 -1.36101 1.52547
4 6.35819 7.29744 -1.50788 1.37386
4.5 5.5711 7.94355 -1.63739 1.20841
5 4.72386 8.50391 -1.74831 1.03123
5.5 3.82601 8.9732 -1.8397 0.844465
6 2.8875 9.34716 -1.91085 0.650345
6.5 1.91857 9.6227 -1.96134 0.451102
7 0.9296 9.79779 -1.99101 0.248953
7.5 -0.0690043 9.87153 -1.9999 0.0460683
8 -1.06692 9.84408 -1.9883 -0.155448
8.5 -2.05401 9.71664 -1.95671 -0.353583
9 -3.02043 9.49137 -1.90577 -0.546428
9.5 -3.95673 9.17138 -1.83634 -0.732193
10 -4.85388 8.76062 -1.74938 -0.909213
10.5 -5.70339 8.26386 -1.64599 -1.07596
11 -6.49736 7.68659 -1.52738 -1.23104
11.5 -7.22848 7.03496 -1.39486 -1.37319
12 -7.89014 6.31571 -1.24978 -1.50131
12.5 -8.47643 5.53613 -1.09361 -1.61441
13 -8.98217 4.70392 -0.927821 -1.71166
13.5 -9.40292 3.8272 -0.75395 -1.79235
14 -9.73504 2.91439 -0.573563 -1.8559
14.5 -9.97567 1.9742 -0.388248 -1.90186
15 -10.1227 1.01549 -0.199611 -1.92993
15.5 -10.175 0.0472601 -0.00927061 -1.93989
16 -10.132 -0.921408 0.181149 -1.93169
16.5 -9.9941 -1.88145 0.370024 -1.90539
17 -9.7625 -2.82384 0.555736 -1.86116
17.5 -9.43916 -3.73969 0.736676 -1.7993
18 -9.02687 -4.6203 0.911253 -1.72026
18.5 -8.52921 -5.45721 1.0779 -1.62459
19 -7.95053 -6.24227 1.23508 -1.513
19.5 -7.29594 -6.96772 1.3813 -1.3863
20 -6.57128 -7.62623 1.51511 -1.24546
20.5 -5.7831 -8.21102 1.63514 -1.09158
21 -4.93863 -8.71586 1.74006 -0.925903
21.5 -4.04573 -9.1352 1.82868 -0.749811
22 -3.11283 -9.4642 1.89986 -0.564819
22.5 -2.14891 -9.69883 1.95263 -0.372579
23 -1.16338 -9.83588 1.98614 -0.174868
23.5 -0.166059 -9.8731 1.9997 0.0264144
24 0.832947 -9.80921 1.99281 0.229265
24.5 1.82333 -9.64393 1.96517 0.431587
25 2.79468 -9.37806 1.91669 0.631216
25.5 3.73661 -9.01352 1.84752 0.825936
26 4.63885 -8.55331 1.75807 1.01352
26.5 5.49144 -8.00155 1.649 1.19173
27 6.28477 -7.36348 1.52124 1.35841
27.5 7.00979 -6.64539 1.37599 1.51145
28 7.65811 -5.8546 1.2147 1.64889
28.5 8.22213 -4.99938 1.03909 1.7689
29 8.69515 -4.08884 0.851099 1.86988
29.5 9.07154 -3.13287 0.652887 1.95044
30 9.34674 -2.14196 0.446778 2.00947
30.5 9.51742 -1.1271 0.235238 2.04612
31 9.5815 -0.0996131 0.0208298 2.05989
31.5 9.53821 0.928986 -0.193831 2.05058
32 9.38806 1.94718 -0.406126 2.01832
32.5 9.1329 2.94359 -0.613478 1.96357
33 8.77581 3.90717 -0.813399 1.8871
33.5 8.32111 4.82729 -1.00353 1.78998
34 7.77425 5.69395 -1.18169 1.67353
34.5 7.14173 6.49789 -1.34588 1.53934
35 6.43097 7.23065 -1.49436 1.38917
35.5 5.65022 7.88475 -1.6256 1.22499
36 4.80841 8.45367 -1.73837 1.04885
36.5 3.91506 8.93198 -1.83168 0.862927
37 2.98007 9.31535 -1.90481 0.66943
37.5 2.01366 9.60053 -1.95732 0.470594
38 1.02619 9.78542 -1.989 0.268639
38.5 0.0280858 9.86901 -1.9999 0.0657401
39 -0.970322 9.85136 -1.99028 -0.135991
39.5 -1.95888 9.73355 -1.9606 -0.334532
40 -2.92772 9.51767 -1.91151 -0.527964
40.5 -3.86732 9.20673 -1.84384 -0.714485
41 -4.76865 8.8046 -1.75854 -0.892419
41.5 -5.62313 8.31598 -1.6567 -1.06022
42 -6.42282 7.74628 -1.53952 -1.21649
42.5 -7.16034 7.10161 -1.4083 -1.35995
43 -7.82902 6.38864 -1.26439 -1.48948
43.5 -8.42287 5.61459 -1.10923 -1.60408
44 -8.93664 4.78716 -0.94432 -1.7029
44.5 -9.36583 3.91441 -0.771172 -1.78523
45 -9.70671 3.00475 -0.591353 -1.85047
45.5 -9.95635 2.06684 -0.40645 -1.89816
46 -10.1126 1.10954 -0.218067 -1.92798
46.5 -10.1741 0.141843 -0.0278227 -1.93972
47 -10.1404 -0.827181 0.162661 -1.93329
47.5 -10.0117 -1.78846 0.351758 -1.90875
48 -9.78911 -2.73296 0.53785 -1.86625
48.5 -9.47458 -3.65179 0.719328 -1.8061
49 -9.07081 -4.53621 0.894597 -1.72871
49.5 -8.58127 -5.37774 1.06209 -1.63463
50 -8.01026 -6.1682 1.22026 -1.52455
50.5 -7.36279 -6.89979 1.36762 -1.39928
51 -6.64466 -7.56513 1.5027 -1.25976
51.5 -5.86234 -8.15738 1.62413 -1.1071
52 -5.023 -8.67026 1.73059 -0.942508
52.5 -4.13443 -9.09814 1.82084 -0.76736
53 -3.20502 -9.43612 1.89377 -0.583157
53.5 -2.24369 -9.68008 1.94837 -0.391538
54 -1.25981 -9.82673 1.98379 -0.194271
54.5 -0.263181 -9.87373 1.99931 0.0067586
55 0.73613 -9.81968 1.99443 0.209555
55.5 1.72782 -9.66422 1.96881 0.41203
56 2.7015 -9.40806 1.92234 0.612023
56.5 3.64675 -9.05297 1.85517 0.807325
57 4.55331 -8.60188 1.76766 0.995701
57.5 5.41115 -8.05878 1.66045 1.17493
58 6.21065 -7.42882 1.53445 1.34282
58.5 6.94269 -6.71818 1.39082 1.49728
59 7.59881 -5.93409 1.23101 1.63631
59.5 8.17131 -5.08472 1.0567 1.75809
60 8.65343 -4.17912 0.869822 1.86098
60.5 9.03941 -3.22709 0.672498 1.94357
61 9.32459 -2.23909 0.467045 2.00472
61.5 9.50552 -1.22606 0.255918 2.04357
62 9.57999 -0.199295 0.0416739 2.05957
62.5 9.54711 0.8297 -0.173077 2.05249
63 9.40726 1.8494 -0.385713 2.02244
63.5 9.16217 2.84841 -0.593652 1.96984
64 8.8148 3.81564 -0.794395 1.89543
64.5 8.36935 4.74041 -0.985571 1.80025
65 7.83117 5.61267 -1.16497 1.68561
65.5 7.20666 6.42307 -1.3306 1.55307
66 6.50314 7.16307 -1.48066 1.40437
66.5 5.72882 7.82509 -1.61363 1.24146
67 4.89255 8.40253 -1.72823 1.0664
67.5 4.00378 8.88984 -1.82346 0.881331
68 3.07241 9.28258 -1.89857 0.688478
68.5 2.10861 9.5774 -1.95309 0.490071
69 1.12275 9.7721 -1.9868 0.288329
69.5 0.125247 9.86554 -1.99971 0.085437
70 -0.873561 9.85769 -1.99206 -0.11649
70.5 -1.8635 9.74955 -1.96431 -0.315419
71 -2.83465 9.54309 -1.91708 -0.509421
71.5 -3.77749 9.24124 -1.85118 -0.696683
72 -4.6829 8.8478 -1.76755 -0.875516
72.5 -5.54229 8.36737 -1.66727 -1.04436
73 -6.34763 7.80531 -1.55154 -1.20181
73.5 -7.09149 7.16766 -1.42163 -1.34656
74 -7.76714 6.46104 -1.2789 -1.47749
74.5 -8.36851 5.69262 -1.12478 -1.59358
75 -8.89028 4.87004 -0.960753 -1.69398
75.5 -9.32788 4.00135 -0.788343 -1.77794
76 -9.6775 3.09491 -0.609108 -1.84487
76.5 -9.93612 2.15937 -0.424633 -1.89429
77 -10.1015 1.20357 -0.236521 -1.92586
77.5 -10.1723 0.236489 -0.0463872 -1.93937
78 -10.1479 -0.732805 0.144144 -1.93472
78.5 -10.0284 -1.69524 0.333449 -1.91193
79 -9.81487 -2.64177 0.519907 -1.87118
79.5 -9.5092 -3.56349 0.701907 -1.81273
80 -9.11396 -4.45165 0.877854 -1.737
80.5 -8.6326 -5.29773 1.04618 -1.64452
81 -8.0693 -6.09352 1.20533 -1.53597
81.5 -7.42903 -6.83117 1.35381 -1.41213
82 -6.7175 -7.50328 1.49015 -1.27396
82.5 -5.94111 -8.10294 1.61298 -1.12252
83 -5.10697 -8.62381 1.72095 -0.959027
83.5 -4.22282 -9.0602 1.81283 -0.784837
84 -3.29698 -9.40713 1.8875 -0.60144
84.5 -2.33833 -9.66039 1.94393 -0.41046
85 -1.35621 -9.81663 1.98124 -0.213654
85.5 -0.360359 -9.87339 1.99873 -0.0128975
86 0.63916 -9.8292 1.99585 0.189824
86.5 1.63207 -9.68359 1.97225 0.392432
87 2.60797 -9.43714 1.92781 0.59277
87.5 3.55645 -9.09156 1.86263 0.788632
88 4.46723 -8.64962 1.77706 0.977784
88.5 5.33025 -8.11525 1.67173 1.158
89 6.13584 -7.49345 1.5475 1.32709
89.5 6.87482 -6.79034 1.40552 1.48294
90 7.53866 -6.01303 1.24721 1.62356
90.5 8.1196 -5.1696 1.07422 1.74709
91 8.61077 -4.26903 0.888461 1.85187
91.5 9.00631 -3.32106 0.692048 1.93649
92 9.30144 -2.33607 0.487275 1.99976
92.5 9.4926 -1.32497 0.276586 2.0408
93 9.57747 -0.299036 0.0625298 2.05902
93.5 9.55501 0.730247 -0.152286 2.05418
94 9.42549 1.75135 -0.36524 2.02634
94.5 9.1905 2.75286 -0.573743 1.9759
95 8.8529 3.72364 -0.775286 1.90356
95.5 8.41676 4.65298 -0.967485 1.81035
96 7.88732 5.53075 -1.14812 1.69753
96.5 7.27089 6.34753 -1.31515 1.56665
97 6.57471 7.09471 -1.46679 1.41945
97.5 5.80689 7.7646 -1.60148 1.25783
98 4.97625 8.3505 -1.71791 1.08386
98.5 4.09217 8.84677 -1.81505 0.899675
99 3.16451 9.24885 -1.89213 0.707488
99.5 2.20343 9.55331 -1.94867 0.50953
100 1.21928 9.7578 -1.9844 0.308024
100.5 0.22247 9.86111 -1.99932 0.105157
101 -0.776642 9.86308 -1.99366 -0.0969459
101.5 -1.76786 9.76462 -1.96784 -0.296245
102 -2.74125 9.56762 -1.92247 -0.490801
102.5 -3.68724 9.27491 -1.85835 -0.678788
103 -4.59666 8.8902 -1.77641 -0.858506
103.5 -5.46088 8.41802 -1.67771 -1.02838
104 -6.2718 7.86367 -1.56343 -1.18699
104.5 -7.02195 7.23311 -1.43484 -1.33303
105 -7.70451 6.5329 -1.29331 -1.46535
105.5 -8.31335 5.77019 -1.14024 -1.58293
106 -8.84309 4.95255 -0.977118 -1.68489
106.5 -9.28906 4.088 -0.805462 -1.77048
107 -9.6474 3.18487 -0.626827 -1.8391
107.5 -9.915 2.25178 -0.442795 -1.89025
108 -10.0896 1.29756 -0.254969 -1.92357
108.5 -10.1696 0.331188 -0.0649625 -1.93885
109 -10.1544 -0.638289 0.125601 -1.93597
109.5 -10.0442 -1.60179 0.315098 -1.91495
110 -9.83978 -2.55027 0.501906 -1.87594
110.5 -9.54298 -3.47481 0.684414 -1.81921
111 -9.15634 -4.36662 0.861024 -1.74514
111.5 -8.68319 -5.21717 1.03016 -1.65427
112 -8.12767 -6.01822 1.19028 -1.54725
112.5 -7.49465 -6.76188 1.33987 -1.42486
113 -6.78978 -7.4407 1.47747 -1.28804
113.5 -6.0194 -8.04771 1.60167 -1.13784
114 -5.19054 -8.57653 1.71115 -0.975459
114.5 -4.31088 -9.02138 1.80466 -0.802243
115 -3.38871 -9.37722 1.88105 -0.619667
115.5 -2.43283 -9.63977 1.9393 -0.429344
116 -1.45255 -9.80558 1.97851 -0.233017
116.5 -0.457583 -9.8721 1.99795 -0.0325521
117 0.542046 -9.83777 1.99707 0.170076
117.5 1.53607 -9.70201 1.97549 0.372796
118 2.5141 -9.46531 1.93308 0.573458
118.5 3.46572 -9.12926 1.8699 0.769859
119 4.38063 -8.69653 1.78629 0.959768
119.5 5.24874 -8.17093 1.68284 1.14095
120 6.06033 -7.55737 1.56039 1.31122
120.5 6.80618 -6.86186 1.42008 1.46846
121 7.47769 -6.0914 1.26327 1.61064
121.5 8.06701 -5.25401 1.09163 1.7359
122 8.56717 -4.35857 0.907016 1.84257
122.5 8.97223 -3.41475 0.711535 1.9292
123 9.27729 -2.43288 0.507466 1.99459
123.5 9.47868 -1.42382 0.297239 2.03781
124 9.57393 -0.398825 0.0833952 2.05826
124.5 9.5619 0.630638 -0.131462 2.05566
125 9.44274 1.65304 -0.344709 2.03004
125.5 9.21789 2.65694 -0.553752 1.98176
126 8.89009 3.63117 -0.756075 1.91151
126.5 8.46332 4.56498 -0.949277 1.82027
127 7.94269 5.44818 -1.13112 1.70929
127.5 7.33441 6.27127 -1.29955 1.5801
128 6.64565 7.02556 -1.45276 1.4344
128.5 5.88443 7.70326 -1.58914 1.2741
129 5.05951 8.29758 -1.70739 1.10124
129.5 4.18021 8.80278 -1.80644 0.917957
130 3.25637 9.21418 -1.8855 0.726457
130.5 2.2981 9.52825 -1.94404 0.528969
131 1.31576 9.74253 -1.9818 0.327719
131.5 0.319745 9.85571 -1.99874 0.124899
132 -0.679574 9.86752 -1.99506 -0.0773615
132.5 -1.67198 9.77878 -1.97118 -0.277013
133 -2.64752 9.59126 -1.92769 -0.472105
133.5 -3.59656 9.30773 -1.86536 -0.660802
134 -4.50992 8.9318 -1.78511 -0.84139
134.5 -5.37889 8.46794 -1.688 -1.01229
135 -6.19533 7.92135 -1.57519 -1.17205
135.5 -6.9517 7.29794 -1.44795 -1.31936
136 -7.64112 6.60423 -1.30762 -1.45307
136.5 -8.2574 5.84729 -1.15562 -1.57212
137 -8.79506 5.03468 -0.993414 -1.67564
137.5 -9.24938 4.17434 -0.822527 -1.76286
138 -9.61641 3.27461 -0.644508 -1.83315
138.5 -9.89297 2.34406 -0.460936 -1.88603
139 -10.0767 1.39152 -0.273411 -1.92111
139.5 -10.166 0.425933 -0.0835472 -1.93816
140 -10.1601 -0.543641 0.107033 -1.93705
140.5 -10.0591 -1.50812 0.296706 -1.9178
141 -9.86383 -2.45847 0.48385 -1.88054
141.5 -9.57594 -3.38573 0.66685 -1.82552
142 -9.19793 -4.28112 0.844109 -1.75313
142.5 -8.73304 -5.13608 1.01405 -1.66387
143 -8.18534 -5.94232 1.17512 -1.55839
143.5 -7.55964 -6.69192 1.3258 -1.43746
144 -6.8615 -7.37738 1.46464 -1.302
144.5 -6.09719 -7.9917 1.59021 -1.15305
145 -5.27369 -8.5284 1.70119 -0.991801
145.5 -4.39862 -8.98168 1.79631 -0.819574
146 -3.48019 -9.34641 1.87442 -0.637835
146.5 -2.52718 -9.61821 1.93448 -0.448186
147 -1.54884 -9.79357 1.97559 -0.252358
147.5 -0.554843 -9.86986 1.99698 -0.0522031
148 0.4448 -9.84539 1.9981 0.150312
148.5 1.43984 -9.7195 1.97855 0.353123
149 2.41991 -9.49257 1.93816 0.554089
149.5 3.37457 -9.16607 1.87699 0.751009
150 4.29351 -8.74259 1.79534 0.941654
150.5 5.16662 -8.22582 1.69378 1.12379
151 5.98414 -7.62057 1.57313 1.29522
151.5 6.73678 -6.93272 1.43449 1.45381
152 7.41589 -6.16921 1.27922 1.59754
152.5 8.01352 -5.33794 1.10893 1.72453
153 8.52264 -4.44772 0.925484 1.83308
153.5 8.93718 -3.50815 0.730958 1.92171
154 9.25214 -2.52951 0.527615 1.9892
154.5 9.46373 -1.5226 0.317875 2.03461
155 9.56938 -0.498652 0.104268 2.05729
155.5 9.56779 0.530883 -0.110606 2.05693
156 9.459 1.55447 -0.324122 2.03353
156.5 9.24432 2.56066 -0.533684 1.98742
157 8.92638 3.53825 -0.736763 1.91927
157.5 8.50903 4.47644 -0.930948 1.83001
158 7.99728 5.36498 -1.11398 1.72089
158.5 7.39723 6.1943 -1.2838 1.5934
159 6.71597 6.95563 -1.43855 1.44922
159.5 5.96143 7.64109 -1.57663 1.29026
160 5.14231 8.24378 -1.69668 1.11853
160.5 4.2679 8.75786 -1.79763 0.936175
161 3.34797 9.17856 -1.87866 0.745383
161.5 2.39262 9.50222 -1.93921 0.548387
162 1.41218 9.7263 -1.979 0.347414
162.5 0.417062 9.84934 -1.99796 0.14466
163 -0.582368 9.87101 -1.99628 -0.0577382
163.5 -1.57587 9.792 -1.97434 -0.257723
164 -2.55346 9.61401 -1.93273 -0.453335
164.5 -3.50548 9.3397 -1.87221 -0.642726
165 -4.4227 8.9726 -1.79367 -0.82417
165.5 -5.29635 8.5171 -1.69815 -0.996073
166 -6.11824 7.97834 -1.58683 -1.15698
166.5 -6.88077 7.36216 -1.46094 -1.30556
167 -7.57699 6.67502 -1.32183 -1.44063
167.5 -8.20065 5.92393 -1.17091 -1.56116
168 -8.7462 5.11641 -1.00964 -1.66623
168.5 -9.20883 4.26038 -0.839538 -1.75507
169 -9.58453 3.36413 -0.662149 -1.82704
169.5 -9.87004 2.43621 -0.479052 -1.88163
170 -10.0629 1.48542 -0.291845 -1.91847
170.5 -10.1615 0.520715 -0.10214 -1.93729
171 -10.1649 -0.448869 0.0884422 -1.93796
171.5 -10.0732 -1.41425 0.278276 -1.92048
172 -9.88701 -2.36638 0.465739 -1.88497
172.5 -9.60807 -3.29629 0.649217 -1.83168
173 -9.23872 -4.19518 0.82711 -1.76096
173.5 -8.78214 -5.05445 0.997836 -1.67332
174 -8.24232 -5.86581 1.15984 -1.5694
174.5 -7.62399 -6.62129 1.31161 -1.44994
175 -6.93264 -7.31334 1.45167 -1.31585
175.5 -6.17448 -7.93489 1.57861 -1.16816
176 -5.35642 -8.47945 1.69107 -1.00805
176.5 -4.48601 -8.94111 1.78779 -0.836829
177 -3.57142 -9.31468 1.86762 -0.655944
177.5 -2.62136 -9.59572 1.92948 -0.466986
178 -1.64505 -9.78062 1.97247 -0.271674
178.5 -0.65213 -9.86665 1.99582 -0.0718487
179 0.347429 -9.85205 1.99893 0.130533
179.5 1.3434 -9.73603 1.9814 0.333416
180 2.32539 -9.5189 1.94304 0.534665
180.5 3.283 -9.202 1.88388 0.732084
181 4.20589 -8.78781 1.80421 0.923444
181.5 5.08391 -8.27993 1.70455 1.10651
182 5.90727 -7.68304 1.58571 1.27908
182.5 6.66663 -7.00293 1.44876 1.43902
183 7.35326 -6.24644 1.29503 1.58428
183.5 7.95916 -5.42138 1.12612 1.71297
184 8.47718 -4.53648 0.943862 1.82338
184.5 8.90115 -3.60127 0.750313 1.91401
185 9.226 -2.62595 0.54772 1.9836
185.5 9.44778 -1.6213 0.33849 2.03118
186 9.56381 -0.598506 0.125145 2.05609
186.5 9.57267 0.430992 -0.0897202 2.05797
187 9.47427 1.45566 -0.303482 2.0368
187.5 9.2698 2.46404 -0.513538 1.99288
188 8.96176 3.44489 -0.717352 1.92683
188.5 8.55388 4.38737 -0.912499 1.83957
189 8.05107 5.28116 -1.09671 1.73233
189.5 7.45932 6.11663 -1.26789 1.60655
190 6.78564 6.88493 -1.42417 1.46392
190.5 6.03788 7.57808 -1.56393 1.30631
191 5.22466 8.1891 -1.68579 1.13574
191.5 4.35523 8.71203 -1.78863 0.954325
192 3.4393 9.142 -1.87163 0.764263
192.5 2.48697 9.47523 -1.93419 0.567781
193 1.50854 9.70909 -1.976 0.367107
193.5 0.514413 9.84201 -1.99698 0.164439
194 -0.485031 9.87355 -1.9973 -0.0380779
194.5 -1.47954 9.8043 -1.97732 -0.238378
195 -2.45909 9.63586 -1.9376 -0.434492
195.5 -3.414 9.37081 -1.87888 -0.62456
196 -4.33499 9.01259 -1.80206 -0.806846
196.5 -5.21325 8.56551 -1.70816 -0.979741
197 -6.04052 8.03464 -1.59833 -1.14177
197.5 -6.80915 7.42575 -1.47381 -1.29161
198 -7.51213 6.74524 -1.33594 -1.42805
198.5 -8.14312 6.00009 -1.18611 -1.55004
199 -8.69651 5.19774 -1.02579 -1.65665
199.5 -9.16743 4.3461 -0.856491 -1.74711
200 -9.55177 3.45341 -0.67975 -1.82075
200.5 -9.84621 2.52821 -0.497144 -1.87707
201 -10.0482 1.57927 -0.310269 -1.91565
201.5 -10.156 0.615524 -0.120738 -1.93624
202 -10.1688 -0.353983 0.069829 -1.9387
202.5 -10.0863 -1.32018 0.259808 -1.92299
203 -9.90933 -2.274 0.447576 -1.88924
203.5 -9.63936 -3.20647 0.631517 -1.83767
204 -9.27871 -4.10878 0.810028 -1.76864
204.5 -8.83049 -4.97231 0.981528 -1.68263
205 -8.2986 -5.78871 1.14446 -1.58026
205.5 -7.6877 -6.54999 1.2973 -1.46228
206 -7.00321 -7.24856 1.43857 -1.32958
206.5 -6.25127 -7.87731 1.56685 -1.18317
207 -5.43872 -8.42966 1.68079 -1.02421
207.5 -4.57306 -8.89966 1.77911 -0.854007
208 -3.66238 -9.28205 1.86063 -0.673992
208.5 -2.71537 -9.5723 1.9243 -0.485742
209 -1.74119 -9.76671 1.96917 -0.290963
209.5 -0.749434 -9.86248 1.99446 -0.0914869
210 0.249943 -9.85775 1.99957 0.110742
210.5 1.24673 -9.75163 1.98407 0.313676
211 2.23057 -9.5443 1.94774 0.515187
211.5 3.19103 -9.23703 1.89059 0.713084
212 4.11777 -8.83218 1.81289 0.905139
212.5 5.00062 -8.33323 1.71514 1.08912
213 5.82973 -7.74476 1.59813 1.26281
213.5 6.59573 -7.07247 1.46288 1.42407
214 7.28982 -6.32308 1.31071 1.57085
214.5 7.90391 -5.50432 1.1432 1.70124
215 8.43078 -4.62484 0.962148 1.8135
215.5 8.86416 -3.69407 0.769598 1.9061
216 9.19885 -2.72219 0.567779 1.97779
216.5 9.43081 -1.7199 0.359084 2.02755
217 9.55721 -0.698375 0.146024 2.05468
217.5 9.57654 0.330977 -0.0688079 2.0588
218 9.48855 1.35662 -0.282791 2.03986
218.5 9.29432 2.36708 -0.493318 1.99813
219 8.99622 3.35109 -0.697844 1.93419
219.5 8.59787 4.29775 -0.893933 1.84895
220 8.10406 5.19672 -1.0793 1.74359
220.5 7.52069 6.03826 -1.25183 1.61955
221 6.85466 6.81346 -1.40963 1.47848
221.5 6.11376 7.51424 -1.55106 1.32225
222 5.30654 8.13354 -1.67471 1.15285
222.5 4.44218 8.66527 -1.77944 0.972407
223 3.53036 9.10448 -1.86439 0.783097
223.5 2.58115 9.44728 -1.92896 0.587149
224 1.60482 9.6909 -1.9728 0.386794
224.5 0.611786 9.83371 -1.99581 0.184233
225 -0.387573 9.87513 -1.99813 -0.0183824
225.5 -1.38299 9.81566 -1.98011 -0.218979
226 -2.36442 9.65681 -1.94229 -0.415578
226.5 -3.32213 9.40105 -1.88539 -0.606308
227 -4.24681 9.05176 -1.8103 -0.78942
227.5 -5.12959 8.61315 -1.71802 -0.963294
228 -5.96218 8.09023 -1.6097 -1.12644
228.5 -6.73685 7.4887 -1.48656 -1.27752
229 -7.44652 6.8149 -1.34994 -1.41532
229.5 -8.08479 6.07576 -1.20123 -1.53876
230 -8.64599 5.27867 -1.04187 -1.64691
230.5 -9.12516 4.4315 -0.873386 -1.73898
231 -9.51812 3.54245 -0.697307 -1.8143
231.5 -9.82147 2.62005 -0.515208 -1.87233
232 -10.0326 1.67304 -0.328683 -1.91266
232.5 -10.1497 0.710354 -0.139341 -1.93503
233 -10.1717 -0.258989 0.0511955 -1.93926
233.5 -10.0986 -1.22591 0.241304 -1.92533
234 -9.93078 -2.18134 0.429361 -1.89334
234.5 -9.66981 -3.1163 0.613749 -1.8435
235 -9.3179 -4.02195 0.792865 -1.77616
235.5 -8.87808 -4.88964 0.965124 -1.69178
236 -8.35416 -5.71102 1.12896 -1.59099
236.5 -7.75075 -6.47804 1.28286 -1.4745
237 -7.07319 -7.18307 1.42533 -1.34319
237.5 -6.32754 -7.81895 1.55495 -1.19807
238 -5.52058 -8.37905 1.67035 -1.04028
238.5 -4.65974 -8.85735 1.77026 -0.871106
239 -3.75308 -9.24851 1.85347 -0.691977
239.5 -2.8092 -9.54794 1.91893 -0.504452
240 -1.83724 -9.75185 1.96567 -0.310225
240.5 -0.846746 -9.85736 1.99291 -0.111116
241 0.152351 -9.86248 2.00001 0.0909402
241.5 1.14987 -9.76627 1.98653 0.293906
242 2.13545 -9.56878 1.95223 0.495659
242.5 3.09866 -9.27117 1.89711 0.694013
243 4.02916 -8.87569 1.82139 0.886742
243.5 4.91674 -8.38572 1.72557 1.07161
244 5.75153 -7.80574 1.61038 1.24641
244.5 6.52409 -7.14133 1.47685 1.40897
245 7.22556 -6.39913 1.32626 1.55725
245.5 7.84779 -5.58676 1.16016 1.68932
246 8.38346 -4.71277 0.980341 1.80341
246.5 8.8262 -3.78656 0.788812 1.898
247 9.17071 -2.81821 0.587789 1.97176
247.5 9.41282 -1.8184 0.379652 2.02369
248 9.5496 -0.79825 0.166904 2.05305
248.5 9.57939 0.230846 -0.0478711 2.05942
249 9.50182 1.25736 -0.262051 2.04271
249.5 9.31786 2.26979 -0.473025 2.00318
250 9.02975 3.25685 -0.678242 1.94137
250.5 8.64098 4.20762 -0.875252 1.85815
251 8.15623 5.11166 -1.06175 1.75469
251.5 7.58131 5.9592 -1.23561 1.6324
252 6.92302 6.74122 -1.39492 1.49291
252.5 6.18907 7.44958 -1.53801 1.33808
253 5.38793 8.0771 -1.66344 1.16988
253.5 4.52874 8.6176 -1.77005 0.990418
254 3.62113 9.06602 -1.85696 0.801881
254.5 2.67514 9.41835 -1.92353 0.60649
255 1.70102 9.67174 -1.9694 0.406474
255.5 0.709173 9.82443 -1.99444 0.204041
256 -0.290004 9.87574 -1.99877 0.00134656
256.5 -1.28623 9.82608 -1.98271 -0.199528
257 -2.26944 9.67684 -1.9468 -0.396594
257.5 -3.22987 9.43042 -1.89174 -0.587969
258 -4.15816 9.0901 -1.81838 -0.771893
258.5 -5.0454 8.66003 -1.72774 -0.946732
259 -5.88323 8.14512 -1.62094 -1.11099
259.5 -6.66387 7.55101 -1.4992 -1.2633
260 -7.38018 6.884 -1.36384 -1.40244
260.5 -8.02569 6.15093 -1.21625 -1.52733
261 -8.59465 5.35918 -1.05788 -1.63701
261.5 -9.08203 4.51656 -0.89022 -1.73069
262 -9.48359 3.63124 -0.71482 -1.80767
262.5 -9.79583 2.71173 -0.533243 -1.86741
263 -10.0161 1.76674 -0.347083 -1.9095
263.5 -10.1424 0.805194 -0.157948 -1.93363
264 -10.1738 -0.163897 0.0325432 -1.93965
264.5 -10.1099 -1.13145 0.222766 -1.9275
265 -9.95135 -2.08841 0.411096 -1.89727
265.5 -9.69941 -3.02577 0.595917 -1.84916
266 -9.35627 -3.93468 0.775623 -1.78352
266.5 -8.92489 -4.80647 0.948625 -1.70079
267 -8.40901 -5.63275 1.11336 -1.60157
267.5 -7.81315 -6.40544 1.2683 -1.48658
268 -7.14257 -7.11686 1.41196 -1.35668
268.5 -6.40329 -7.75982 1.5429 -1.21286
269 -5.60199 -8.32761 1.65976 -1.05625
269.5 -4.74606 -8.81416 1.76124 -0.888124
270 -3.84349 -9.21407 1.84614 -0.709896
270.5 -2.90284 -9.52265 1.91338 -0.523113
271 -1.93319 -9.73604 1.96199 -0.329456
271.5 -0.944057 -9.85127 1.99117 -0.130734
272 0.0546644 -9.86626 2.00026 0.0711303
272.5 1.05281 -9.77995 1.9888 0.274107
273 2.04003 -9.59232 1.95654 0.476081
273.5 3.00591 -9.3044 1.90344 0.674871
274 3.94006 -8.91834 1.82971 0.868254
274.5 4.83229 -8.4374 1.73581 1.05399
275 5.67267 -7.86597 1.62247 1.22987
275.5 6.45171 -7.20951 1.49067 1.39373
276 7.1605 -6.47457 1.34168 1.54349
276.5 7.79081 -5.66867 1.17701 1.67722
277 8.33522 -4.80029 0.998438 1.79314
277.5 8.78728 -3.87873 0.807951 1.88968
278 9.14157 -2.91402 0.607748 1.96553
278.5 9.39381 -1.91679 0.400194 2.01962
279 9.54096 -0.89812 0.187781 2.05119
279.5 9.58122 0.130611 -0.026912 2.05981
280 9.5141 1.15788 -0.241264 2.04535
280.5 9.34044 2.17218 -0.452662 2.00801
281 9.06235 3.1622 -0.658546 1.94834
281.5 8.68321 4.11697 -0.856456 1.86716
282 8.20759 5.02601 -1.04407 1.76562
282.5 7.64119 5.87946 -1.21925 1.64509
283 6.99072 6.66823 -1.38005 1.50721
283.5 6.2638 7.3841 -1.52478 1.35379
284 5.46884 8.01979 -1.65198 1.18681
284.5 4.61491 8.56902 -1.76047 1.00836
285 3.71161 9.02661 -1.84933 0.820613
285.5 2.76893 9.38846 -1.9179 0.6258
286 1.79712 9.65161 -1.9658 0.426146
286.5 0.806564 9.81418 -1.99287 0.223861
287 -0.192333 9.87539 -1.99921 0.021107
287.5 -1.18928 9.83555 -1.98513 -0.180027
288 -2.17417 9.69596 -1.95113 -0.377542
288.5 -3.13723 9.45892 -1.89791 -0.569546
289 -4.06905 9.12762 -1.8263 -0.754266
289.5 -4.96067 8.70613 -1.73731 -0.930056
290 -5.80367 8.19929 -1.63204 -1.0954
290.5 -6.59022 7.61267 -1.51171 -1.24894
291 -7.31311 6.95251 -1.37763 -1.38941
291.5 -7.96581 6.22559 -1.23118 -1.51574
292 -8.54249 5.43926 -1.0738 -1.62695
292.5 -9.03805 4.60127 -0.906993 -1.72223
293 -9.44818 3.71978 -0.732287 -1.80087
293.5 -9.76929 2.80324 -0.551248 -1.86233
294 -9.99864 1.86036 -0.365469 -1.90616
294.5 -10.1342 0.900036 -0.176556 -1.93206
295 -10.1749 -0.0687159 0.0138735 -1.93986
295.5 -10.1204 -1.03682 0.204194 -1.92949
296 -9.97104 -1.99522 0.392783 -1.90103
296.5 -9.72816 -2.9349 0.578021 -1.85466
297 -9.39384 -3.84698 0.758301 -1.79072
297.5 -8.97094 -4.72279 0.932033 -1.70964
298 -8.46314 -5.55389 1.09765 -1.61201
298.5 -7.87488 -6.33219 1.25362 -1.49853
299 -7.21135 -7.04995 1.39846 -1.37004
299.5 -6.4785 -7.69991 1.53071 -1.22753
300 -5.68295 -8.27535 1.64901 -1.07212
300.5 -4.83201 -8.77011 1.75205 -0.905059
301 -3.93361 -9.17872 1.83863 -0.727749
301.5 -2.99628 -9.49642 1.90764 -0.541725
302 -2.02903 -9.71928 1.95812 -0.348656
302.5 -1.04136 -9.84421 1.98923 -0.150338
303 -0.0431089 -9.86907 2.00031 0.0513139
303.5 0.955565 -9.79268 1.99087 0.254281
304 1.94433 -9.61492 1.96065 0.456456
304.5 2.91277 -9.33671 1.90958 0.655662
305 3.8505 -8.96011 1.83784 0.849678
305.5 4.74728 -8.48826 1.74588 1.03627
306 5.59316 -7.92543 1.6344 1.21321
306.5 6.37861 -7.277 1.50434 1.37834
307 7.09464 -6.54939 1.35696 1.52957
307.5 7.73295 -5.75005 1.19374 1.66494
308 8.28606 -4.88736 1.01644 1.78267
308.5 8.74739 -3.97056 0.827013 1.88117
309 9.11143 -3.00959 0.627653 1.95908
309.5 9.37379 -2.01505 0.420705 2.01533
310 9.53129 -0.997974 0.208652 2.04912
310.5 9.58202 0.0302829 -0.00593318 2.05998
311 9.52537 1.0582 -0.220433 2.04777
311.5 9.36204 2.07427 -0.432231 2.01264
312 9.09401 3.06714 -0.63876 1.95511
312.5 8.72456 4.02582 -0.837548 1.87599
313 8.25813 4.93975 -1.02626 1.77637
313.5 7.70032 5.79903 -1.20273 1.65763
314 7.05774 6.59449 -1.36501 1.52137
314.5 6.33793 7.31781 -1.51137 1.36938
315 5.54924 7.96161 -1.64034 1.20364
315.5 4.70067 8.51952 -1.75069 1.02622
316 3.80177 8.98625 -1.8415 0.839292
316.5 2.86251 9.35761 -1.91207 0.645078
317 1.89311 9.6305 -1.962 0.445807
317.5 0.903949 9.80295 -1.9911 0.243691
318 -0.0945688 9.87408 -1.99946 0.0408971
318.5 -1.09213 9.84408 -1.98736 -0.160477
319 -2.07863 9.71417 -1.95528 -0.358424
319.5 -3.04423 9.48653 -1.9039 -0.55104
320 -3.97948 9.1643 -1.83406 -0.736541
320.5 -4.8754 8.75144 -1.74673 -0.913269
321 -5.72351 8.25273 -1.643 -1.0797
321.5 -6.5159 7.67367 -1.5241 -1.23444
322 -7.24532 7.02043 -1.39131 -1.37624
322.5 -7.90515 6.29975 -1.24602 -1.504
323 -8.4895 5.51891 -1.08965 -1.61673
323.5 -8.99322 4.68564 -0.923703 -1.7136
324 -9.41188 3.80804 -0.749706 -1.7939
324.5 -9.74185 2.89456 -0.569222 -1.85707
325 -9.98029 1.95388 -0.383839 -1.90264
325.5 -10.1251 0.994872 -0.195163 -1.93032
326 -10.1752 0.0265468 -0.00481188 -1.9399
326.5 -10.13 -0.942027 0.185592 -1.93131
327 -9.98985 -1.90178 0.374423 -1.90462
327.5 -9.75605 -2.84369 0.560063 -1.86
328 -9.43058 -3.75887 0.740902 -1.79777
328.5 -9.01621 -4.63862 0.91535 -1.71835
329 -8.51654 -5.47447 1.08184 -1.62231
329.5 -7.93594 -6.25829 1.23883 -1.51034
330 -7.27953 -6.98232 1.38482 -1.38329
330.5 -6.55317 -7.63925 1.51837 -1.2421
331 -5.76344 -8.22228 1.6381 -1.08789
331.5 -4.91757 -8.7252 1.7427 -0.921911
332 -4.02344 -9.14247 1.83094 -0.745533
332.5 -3.08951 -9.46927 1.90172 -0.560285
333 -2.12476 -9.70156 1.95406 -0.367821
333.5 -1.13863 -9.83619 1.9871 -0.169928
334 -0.140959 -9.87091 2.00016 0.0314931
334.5 0.858146 -9.80445 1.99275 0.234431
335 1.84836 -9.63657 1.96456 0.436786
335.5 2.81926 -9.36812 1.91552 0.636386
336 3.76047 -9.00101 1.84579 0.831015
336.5 4.66171 -8.53829 1.75578 1.01843
337 5.51301 -7.98413 1.64615 1.19642
337.5 6.30478 -7.34379 1.51786 1.3628
338 7.02798 -6.62359 1.3721 1.51548
338.5 7.67424 -5.83089 1.21035 1.65248
339 8.23598 -4.97399 1.03433 1.77201
339.5 8.70654 -4.06204 0.845997 1.87245
340 9.0803 -3.10492 0.647502 1.95242
340.5 9.35275 -2.11318 0.441185 2.01082
341 9.5206 -1.0978 0.229517 2.04683
341.5 9.58181 -0.0701283 0.015063 2.05994
342 9.53564 0.95833 -0.19956 2.04997
342.5 9.38265 1.97605 -0.411734 2.01706
343 9.12473 2.97168 -0.618885 1.96169
343.5 8.76501 3.93416 -0.81853 1.88463
344 8.30783 4.85291 -1.00832 1.78696
344.5 7.75868 5.71794 -1.18607 1.67002
345 7.12407 6.52 -1.34981 1.53539
345.5 6.41147 7.2507 -1.49779 1.38486
346 5.62913 7.90256 -1.62851 1.22037
346.5 4.78601 8.46911 -1.74072 1.044
347 3.89162 8.94496 -1.83347 0.857914
347.5 2.95588 9.32579 -1.90604 0.664321
348 1.98899 9.60841 -1.95799 0.465454
348.5 1.00132 9.79074 -1.98913 0.263528
349 0.00327807 9.87179 -1.99951 0.0607149
349.5 -0.994811 9.85165 -1.98939 -0.14088
350 -1.98281 9.73144 -1.95925 -0.33924
350.5 -2.95086 9.51326 -1.90973 -0.532452
351 -3.88948 9.20014 -1.84166 -0.718719
351.5 -4.78962 8.79597 -1.756 -0.89637
352 -5.64275 8.30545 -1.65383 -1.06387
352.5 -6.44092 7.73401 -1.53636 -1.21981
353 -7.1768 7.08775 -1.40488 -1.36293
353.5 -7.84372 6.37338 -1.26076 -1.4921
354 -8.43571 5.59811 -1.10542 -1.60635
354.5 -8.94753 4.76964 -0.940347 -1.70481
355 -9.3747 3.89603 -0.767075 -1.78676
355.5 -9.71351 2.98569 -0.587161 -1.85163
356 -9.96103 2.04729 -0.402191 -1.89895
356.5 -10.1151 1.08969 -0.213769 -1.9284
357 -10.1745 0.121882 -0.0235115 -1.93976
357.5 -10.1386 -0.847069 0.166959 -1.93296
358 -10.0078 -1.80809 0.356017 -1.90804
358.5 -9.78309 -2.75215 0.542043 -1.86517
359 -9.46649 -3.67034 0.723428 -1.80465
359.5 -9.06069 -4.55395 0.898576 -1.72689
360 -8.5692 -5.39449 1.06592 -1.63246
360.5 -7.99632 -6.18377 1.22391 -1.52202
361 -7.34708 -6.914 1.37105 -1.3964
361.5 -6.6273 -7.57782 1.50589 -1.25656
362 -5.84345 -8.16839 1.62704 -1.10357
362.5 -5.00273 -8.67943 1.73318 -0.938676
363 -4.11295 -9.10532 1.82308 -0.763247
363.5 -3.18252 -9.44118 1.89562 -0.578791
364 -2.22036 -9.6829 1.94981 -0.386951
364.5 -1.23588 -9.82721 1.98477 -0.1895
365 -0.238876 -9.87178 1.99982 0.0116698
365.5 0.760562 -9.81525 1.99442 0.214558
366 1.75212 -9.65729 1.96828 0.417072
366.5 2.7254 -9.3986 1.92127 0.617047
367 3.66998 -9.04102 1.85355 0.812267
367.5 4.57559 -8.58749 1.76549 1.0005
368 5.43222 -8.04205 1.65774 1.17951
368.5 6.23023 -7.40986 1.53122 1.34712
369 6.96053 -6.69716 1.3871 1.50123
369.5 7.61467 -5.91119 1.22684 1.63985
370 8.18499 -5.06017 1.05213 1.76116
370.5 8.66473 -4.15316 0.864899 1.86352
371 9.04818 -3.2 0.667293 1.94555
371.5 9.3307 -2.21116 0.46163 2.0061
372 9.50888 -1.19759 0.250371 2.04432
372.5 9.58057 -0.170612 0.0360742 2.05968
373 9.54489 0.858277 -0.178647 2.05196
373.5 9.40228 1.87755 -0.391173 2.02127
374 9.1545 2.87583 -0.598923 1.96806
374.5 8.80456 3.84202 -0.799404 1.89307
375 8.35669 4.76548 -0.990251 1.79736
375.5 7.81626 5.63618 -1.16926 1.68224
376 7.18971 6.44478 -1.33445 1.54927
376.5 6.48439 7.18279 -1.48403 1.40021
377 5.7085 7.84265 -1.61649 1.237
377.5 4.87093 8.4178 -1.73056 1.06171
378 3.98114 8.90272 -1.82524 0.876478
378.5 3.04901 9.293 -1.89981 0.683528
379 2.08473 9.58534 -1.95379 0.485086
379.5 1.09866 9.77755 -1.98697 0.283371
380 0.101198 9.86853 -1.99937 0.0805585
380.5 -0.897318 9.85827 -1.99124 -0.121238
381 -1.88673 9.74779 -1.96303 -0.319994
381.5 -2.85714 9.5391 -1.91538 -0.513784
382 -3.79903 9.23513 -1.84909 -0.700801
382.5 -4.70331 8.83969 -1.76511 -0.879361
383 -5.5614 8.35742 -1.66452 -1.04791
383.5 -6.36528 7.79367 -1.5485 -1.20504
384 -7.10757 7.15448 -1.41834 -1.34947
384.5 -7.78152 6.44648 -1.2754 -1.48006
385 -8.38109 5.67687 -1.1211 -1.59581
385.5 -8.90099 4.85327 -0.956924 -1.69585
386 -9.33664 3.98373 -0.784394 -1.77945
386.5 -9.68426 3.07663 -0.605066 -1.84602
387 -9.94085 2.1406 -0.420524 -1.89509
387.5 -10.1042 1.18449 -0.232372 -1.9263
388 -10.1729 0.217281 -0.0422236 -1.93944
388.5 -10.1464 -0.75196 0.148298 -1.93443
389 -10.0248 -1.71416 0.337567 -1.91129
389.5 -9.80926 -2.66028 0.523965 -1.87018
390 -9.50157 -3.58141 0.705879 -1.81137
390.5 -9.10438 -4.4688 0.881712 -1.73529
391 -8.62112 -5.31394 1.04989 -1.64246
391.5 -8.05601 -6.10861 1.20887 -1.53356
392 -7.41402 -6.84498 1.35715 -1.40939
392.5 -6.70086 -7.51564 1.49327 -1.27089
393 -5.92299 -8.11369 1.61582 -1.11914
393.5 -5.0875 -8.6328 1.7235 -0.955355
394 -4.20215 -9.06728 1.81505 -0.78089
394.5 -3.2753 -9.41217 1.88934 -0.597243
395 -2.31582 -9.66328 1.94537 -0.406044
395.5 -1.33309 -9.81726 1.98225 -0.209054
396 -0.33685 -9.87169 1.99928 -0.00815408
396.5 0.662821 -9.8251 1.9959 0.194665
397 1.65563 -9.67705 1.9718 0.397317
397.5 2.63117 -9.42816 1.92683 0.597645
398 3.57904 -9.08015 1.86112 0.793435
398.5 4.48893 -8.63584 1.77502 0.982454
399 5.3508 -8.09918 1.66916 1.16247
399.5 6.15498 -7.47522 1.54442 1.3313
400 6.8923 -6.77008 1.40197 1.48682
400.5 7.55425 -5.99093 1.24321 1.62704
401 8.13309 -5.14587 1.06982 1.75012
401.5 8.62197 -4.24391 0.883718 1.8544
402 9.01506 -3.29481 0.687023 1.93847
402.5 9.30763 -2.30897 0.482039 2.00116
403 9.49613 -1.29733 0.271213 2.04159
403.5 9.5783 -0.271156 0.057098 2.05919
404 9.55312 0.758054 -0.157697 2.05373
404.5 9.42092 1.77877 -0.37055 2.02527
405 9.18332 2.7796 -0.578876 1.97423
405.5 8.8432 3.7494 -0.780171 1.90133
406 8.4047 4.67749 -0.972055 1.80759
406.5 7.87307 5.55376 -1.15231 1.6943
407 7.25464 6.36881 -1.31893 1.563
407.5 6.55669 7.11408 -1.4701 1.41544
408 5.78734 7.78189 -1.60429 1.25353
408.5 4.95542 8.36558 -1.7202 1.07933
409 4.07032 8.85954 -1.81681 0.894981
409.5 3.14191 9.25925 -1.89337 0.702696
410 2.18035 9.56129 -1.94938 0.504701
410.5 1.19597 9.76337 -1.9846 0.303217
411 0.199183 9.8643 -1.99903 0.100426
411.5 -0.799663 9.86393 -1.99289 -0.101553
412 -1.79039 9.76321 -1.96663 -0.300686
412.5 -2.76307 9.56404 -1.92086 -0.495038
413 -3.70815 9.26926 -1.85636 -0.682789
413.5 -4.6165 8.88262 -1.77407 -0.862243
414 -5.47947 8.40865 -1.67507 -1.03184
414.5 -6.289 7.85265 -1.56051 -1.19014
415 -7.03763 7.22058 -1.43169 -1.33587
415.5 -7.71855 6.51905 -1.28994 -1.46786
416 -8.32567 5.75516 -1.1367 -1.5851
416.5 -8.8536 4.93652 -0.973433 -1.68672
417 -9.2977 4.07114 -0.801659 -1.77197
417.5 -9.65411 3.16735 -0.622934 -1.84024
418 -9.91975 2.23378 -0.438837 -1.89104
418.5 -10.0923 1.27925 -0.25097 -1.92402
419 -10.1704 0.312736 -0.0609469 -1.93896
419.5 -10.1532 -0.656708 0.12961 -1.93573
420 -10.0409 -1.62 0.319075 -1.91437
420.5 -9.83456 -2.56811 0.505828 -1.87501
421 -9.53582 -3.49209 0.688256 -1.81793
421.5 -9.14728 -4.38318 0.864761 -1.74353
422 -8.6723 -5.23284 1.03377 -1.65232
422.5 -8.11501 -6.03284 1.19372 -1.54497
423 -7.48031 -6.77528 1.34312 -1.42226
423.5 -6.77387 -7.45271 1.4805 -1.28512
424 -6.00203 -8.05819 1.60445 -1.13461
424.5 -5.17185 -8.58531 1.71365 -0.971944
425 -4.29102 -9.02834 1.80684 -0.798459
425.5 -3.36784 -9.38223 1.88288 -0.615637
426 -2.41114 -9.64271 1.94074 -0.425097
426.5 -1.43025 -9.80634 1.97954 -0.228586
427 -0.434872 -9.87062 1.99854 -0.0279765
427.5 0.564934 -9.83397 1.99719 0.174752
428 1.55889 -9.69586 1.97512 0.377523
428.5 2.53661 -9.45679 1.9322 0.578183
429 3.48766 -9.11839 1.8685 0.774523
429.5 4.40174 -8.68335 1.78438 0.96431
430 5.26876 -8.15553 1.68041 1.14531
430.5 6.07902 -7.53985 1.55747 1.31533
431 6.82329 -6.84236 1.41668 1.47225
431.5 7.49298 -6.0701 1.25944 1.61405
432 8.08029 -5.23111 1.0874 1.73889
432.5 8.57826 -4.33429 0.90245 1.84508
433 8.98095 -3.38934 0.70669 1.93118
433.5 9.28354 -2.40662 0.502407 1.996
434 9.48235 -1.39701 0.29204 2.03863
434.5 9.57499 -0.371752 0.0781319 2.05849
435 9.56033 0.65767 -0.136712 2.05528
435.5 9.43856 1.67973 -0.349869 2.02905
436 9.21117 2.68299 -0.558747 1.9802
436.5 8.88093 3.6563 -0.760833 1.90939
437 8.45185 4.58892 -0.953735 1.81764
437.5 7.92908 5.47069 -1.13522 1.7062
438 7.31886 6.29212 -1.30324 1.57659
438.5 6.62836 7.04457 -1.456 1.43054
439 5.86564 7.72026 -1.59191 1.26995
439.5 5.03945 8.31246 -1.70965 1.09687
440 4.15916 8.81542 -1.80819 0.913422
440.5 3.23457 9.22453 -1.88673 0.721823
441 2.27581 9.53627 -1.94477 0.524297
441.5 1.29323 9.74822 -1.98202 0.323066
442 0.297221 9.85908 -1.99849 0.120316
442.5 -0.701857 9.86863 -1.99435 -0.0818268
443 -1.6938 9.77769 -1.97004 -0.281318
443.5 -2.66867 9.58807 -1.92616 -0.476214
444 -3.61685 9.30254 -1.86346 -0.664683
444.5 -4.52918 8.92473 -1.78288 -0.845018
445 -5.39696 8.45912 -1.68547 -1.01564
445.5 -6.21206 7.91093 -1.57239 -1.17511
446 -6.96698 7.28607 -1.44492 -1.32212
446.5 -7.65483 6.59106 -1.30439 -1.45551
447 -8.26944 5.83298 -1.15222 -1.57424
447.5 -8.80537 5.01939 -0.989872 -1.67743
448 -9.25789 4.15824 -0.818871 -1.76432
448.5 -9.62306 3.25786 -0.640763 -1.83428
449 -9.89774 2.32683 -0.457126 -1.88682
449.5 -10.0795 1.37397 -0.269561 -1.92157
450 -10.1669 0.408237 -0.0796796 -1.93829
450.5 -10.1591 -0.561321 0.110896 -1.93685
451 -10.0562 -1.52562 0.300542 -1.91727
451.5 -9.85899 -2.47562 0.487635 -1.87968
452 -9.56922 -3.40237 0.670562 -1.82433
452.5 -9.18937 -4.29709 0.847723 -1.75161
453 -8.72271 -5.1512 1.01754 -1.66203
453.5 -8.1733 -5.95644 1.17846 -1.55623
454 -7.54597 -6.70488 1.32897 -1.43499
454.5 -6.8463 -7.38903 1.46759 -1.29922
455 -6.08057 -8.00188 1.59293 -1.14998
455.5 -5.25578 -8.53698 1.70364 -0.988443
456 -4.37956 -8.98851 1.79846 -0.815952
456.5 -3.46014 -9.35137 1.87623 -0.633972
457 -2.50631 -9.62119 1.93593 -0.444108
457.5 -1.52734 -9.79446 1.97663 -0.248096
458 -0.532932 -9.86857 1.99761 -0.0477956
458.5 0.466909 -9.84187 1.99827 0.154823
459 1.46192 -9.71371 1.97824 0.357692
459.5 2.44171 -9.48449 1.93736 0.558662
460 3.39585 -9.15572 1.87569 0.755532
460.5 4.31402 -8.73001 1.79355 0.946066
461 5.18611 -8.21107 1.69149 1.12803
461.5 6.00236 -7.60375 1.57036 1.29923
462 6.7535 -6.91397 1.43125 1.45752
462.5 7.43088 -6.14869 1.27555 1.6009
463 8.02658 -5.31585 1.10488 1.72747
463.5 8.53359 -4.42428 0.921095 1.83555
464 8.94586 -3.48359 0.726291 1.92368
464.5 9.25843 -2.50409 0.522734 1.99062
465 9.46755 -1.49662 0.31285 2.03546
465.5 9.57066 -0.472387 0.0991734 2.05756
466 9.56652 0.557137 -0.115694 2.05661
466.5 9.4552 1.58042 -0.32913 2.03263
467 9.23806 2.58602 -0.538537 1.98596
467.5 8.91774 3.56274 -0.741393 1.91726
468 8.49814 4.4998 -0.935291 1.82751
468.5 7.9843 5.38697 -1.11798 1.71793
469 7.38235 6.21471 -1.2874 1.59003
469.5 6.69939 6.97426 -1.44172 1.44552
470 5.94339 7.65779 -1.57934 1.28627
470.5 5.12303 8.25843 -1.69891 1.11432
471 4.24763 8.77037 -1.79936 0.931797
471.5 3.32696 9.18885 -1.87989 0.740907
472 2.37112 9.51026 -1.93995 0.543871
472.5 1.39043 9.73207 -1.97925 0.342913
473 0.395303 9.85289 -1.99775 0.140225
473.5 -0.603909 9.87237 -1.99562 -0.0620607
474 -1.59698 9.79123 -1.97327 -0.261892
474.5 -2.57394 9.6112 -1.93128 -0.457315
475 -3.52514 9.33495 -1.87039 -0.646486
475.5 -4.44136 8.96603 -1.79153 -0.827686
476 -5.31388 8.50884 -1.69573 -0.999324
476.5 -6.13449 7.96853 -1.58415 -1.15994
477 -6.89562 7.35093 -1.45803 -1.30823
477.5 -7.59034 6.66252 -1.31873 -1.443
478 -8.21241 5.91033 -1.16764 -1.56322
478.5 -8.75629 5.10186 -1.00624 -1.66798
479 -9.21719 4.24503 -0.836026 -1.7565
479.5 -9.59111 3.34814 -0.658552 -1.82815
480 -9.87481 2.41975 -0.475392 -1.88243
480.5 -10.0658 1.46864 -0.288144 -1.91894
481 -10.1625 0.503776 -0.0984202 -1.93745
481.5 -10.1641 -0.465808 0.0921589 -1.9378
482 -10.0705 -1.43103 0.281969 -1.92001
482.5 -9.88254 -2.38284 0.469387 -1.88418
483 -9.60178 -3.31228 0.652798 -1.83057
483.5 -9.23066 -4.21053 0.8306 -1.75954
484 -8.77237 -5.06902 1.00121 -1.67159
484.5 -8.23089 -5.87943 1.16308 -1.56735
485 -7.61099 -6.63381 1.31468 -1.44759
485.5 -6.91815 -7.32461 1.45455 -1.31321
486 -6.15861 -7.94478 1.58126 -1.16524
486.5 -5.33929 -8.4878 1.69347 -1.00485
487 -4.46775 -8.9478 1.7899 -0.833369
487.5 -3.55218 -9.31958 1.86941 -0.652247
488 -2.60131 -9.59871 1.93092 -0.463077
488.5 -1.62437 -9.78161 1.97353 -0.267582
489 -0.63102 -9.86556 1.99647 -0.0676093
489.5 0.368758 -9.8488 1.99915 0.134879
490 1.36472 -9.7306 1.98117 0.337825
490.5 2.34649 -9.51125 1.94234 0.539086
491 3.30362 -9.19215 1.88269 0.736463
491.5 4.22579 -8.7758 1.80253 0.927724
492 5.10286 -8.26581 1.70239 1.11063
492.5 5.92502 -7.66691 1.58308 1.28299
493 6.68295 -6.98492 1.44568 1.44264
493.5 7.36793 -6.2267 1.29153 1.58756
494 7.97198 -5.4001 1.12224 1.71586
494.5 8.48797 -4.51386 0.939649 1.82583
495 8.90977 -3.57754 0.745824 1.91597
495.5 9.23231 -2.60137 0.543017 1.98503
496 9.45171 -1.59614 0.333641 2.03207
496.5 9.56529 -0.573051 0.12022 2.05641
497 9.57169 0.456463 -0.0946466 2.05772
497.5 9.47084 1.48086 -0.308337 2.03598
498 9.26397 2.48869 -0.518249 1.99151
498.5 8.95363 3.46872 -0.721852 1.92493
499 8.54356 4.41013 -0.916726 1.83719
499.5 8.03872 5.30262 -1.1006 1.7295
500 7.44512 6.13658 -1.27141 1.60333
500.5 6.76977 6.90318 -1.42728 1.46036
501 6.02057 7.59448 -1.56659 1.30247
501.5 5.20615 8.20352 -1.68798 1.13168
502 4.33574 8.72437 -1.79034 0.950106
502.5 3.41908 9.1522 -1.87285 0.759945
503 2.46626 9.48327 -1.93493 0.563421
503.5 1.48757 9.71494 -1.97627 0.362758
504 0.49342 9.84571 -1.99681 0.160153
504.5 -0.505827 9.87513 -1.9967 -0.0422567
505 -1.49993 9.80382 -1.97631 -0.24241
505.5 -2.47888 9.63342 -1.93622 -0.438342
506 -3.43302 9.36648 -1.87716 -0.628199
506.5 -4.35306 9.0065 -1.80002 -0.810249
507 -5.23023 8.55779 -1.70584 -0.982889
507.5 -6.05628 8.02541 -1.59576 -1.14465
508 -6.82357 7.41515 -1.47103 -1.2942
508.5 -7.52511 6.73342 -1.33297 -1.43035
509 -8.15457 5.98719 -1.18298 -1.55204
509.5 -8.70636 5.18392 -1.02253 -1.65835
510 -9.17563 4.3315 -0.853124 -1.74851
510.5 -9.55826 3.43819 -0.676299 -1.82185
