0 1 0 0 1
0.037 0.972739 0.0366598 -1.48674 0.971995
0.074 0.887847 0.0710831 -3.15057 0.874082
0.111 0.733608 0.0997328 -5.31792 0.640183
0.148 0.475638 0.113197 -9.13933 -0.0724663
0.185 0.0178931 -0.203578 14.1567 -36.411
0.222 0.51489 -1.41861 13.1613 -31.9355
0.259 0.999169 -2.59297 13.0394 -31.6096
0.296 1.48065 -3.76001 12.9922 -31.4884
0.333 1.96086 -4.9238 12.9671 -31.425
0.37 2.44033 -6.08575 12.9515 -31.386
0.407 2.91933 -7.24651 12.9409 -31.3595
0.444 3.39799 -8.40644 12.9332 -31.3404
0.481 3.8764 -9.56576 12.9273 -31.3259
0.518 4.35463 -10.7246 12.9227 -31.3146
0.555 4.8327 -11.8831 12.919 -31.3055
0.592 5.31064 -13.0412 12.916 -31.298
0.629 5.78848 -14.1991 12.9134 -31.2917
0.666 6.26624 -15.3568 12.9112 -31.2864
0.703 6.74392 -16.5143 12.9094 -31.2818
0.74 7.22153 -17.6717 12.9077 -31.2779
0.777 7.69909 -18.8289 12.9063 -31.2744
0.814 8.1766 -19.986 12.9051 -31.2713
0.851 8.65407 -21.143 12.9039 -31.2686
0.888 9.1315 -22.2999 12.9029 -31.2661
0.925 9.60889 -23.4567 12.902 -31.2639
0.962 10.0862 -24.6134 12.9012 -31.2619
0.999 10.5636 -25.7701 12.9005 -31.2601
1.036 11.0409 -26.9266 12.8998 -31.2584
1.073 11.5182 -28.0832 12.8992 -31.2569
1.11 11.9954 -29.2397 12.8986 -31.2555
1.147 12.4727 -30.3961 12.898 -31.2542
1.184 12.9499 -31.5525 12.8975 -31.253
1.221 13.4271 -32.7088 12.8971 -31.2518
1.258 13.9043 -33.8651 12.8967 -31.2508
1.295 14.3814 -35.0214 12.8963 -31.2498
1.332 14.8586 -36.1776 12.8959 -31.2489
1.369 15.3357 -37.3338 12.8955 -31.248
1.406 15.8129 -38.4899 12.8952 -31.2472
1.443 16.29 -39.6461 12.8949 -31.2465
1.48 16.7671 -40.8022 12.8946 -31.2458
1.517 17.2442 -41.9583 12.8943 -31.2451
1.554 17.7213 -43.1143 12.8941 -31.2445
1.591 18.1983 -44.2704 12.8938 -31.2438
1.628 18.6754 -45.4264 12.8936 -31.2433
1.665 19.1525 -46.5824 12.8933 -31.2427
1.702 19.6295 -47.7383 12.8931 -31.2422
1.739 20.1066 -48.8943 12.8929 -31.2417
1.776 20.5836 -50.0502 12.8927 -31.2412
1.813 21.0606 -51.2061 12.8926 -31.2408
1.85 21.5376 -52.362 12.8924 -31.2404
1.887 22.0146 -53.5179 12.8922 -31.2399
1.924 22.4917 -54.6738 12.892 -31.2395
1.961 22.9687 -55.8296 12.8919 -31.2392
1.998 23.4457 -56.9855 12.8917 -31.2388
2.035 23.9226 -58.1413 12.8916 -31.2385
2.072 24.3996 -59.2971 12.8915 -31.2381
2.109 24.8766 -60.4529 12.8913 -31.2378
2.146 25.3536 -61.6087 12.8912 -31.2375
2.183 25.8306 -62.7645 12.8911 -31.2372
2.22 26.3075 -63.9203 12.891 -31.2369
2.257 26.7845 -65.076 12.8908 -31.2366
2.294 27.2615 -66.2318 12.8907 -31.2364
2.331 27.7384 -67.3875 12.8906 -31.2361
2.368 28.2154 -68.5433 12.8905 -31.2359
2.405 28.6923 -69.699 12.8904 -31.2356
2.442 29.1693 -70.8547 12.8903 -31.2354
2.479 29.6462 -72.0104 12.8902 -31.2351
2.516 30.1231 -73.1661 12.8901 -31.2349
2.553 30.6001 -74.3218 12.8901 -31.2347
2.59 31.077 -75.4775 12.89 -31.2345
2.627 31.5539 -76.6331 12.8899 -31.2343
2.664 32.0308 -77.7888 12.8898 -31.2341
2.701 32.5078 -78.9445 12.8897 -31.2339
2.738 32.9847 -80.1001 12.8897 -31.2337
2.775 33.4616 -81.2558 12.8896 -31.2336
2.812 33.9385 -82.4114 12.8895 -31.2334
2.849 34.4154 -83.567 12.8894 -31.2332
2.886 34.8923 -84.7227 12.8894 -31.2331
2.923 35.3692 -85.8783 12.8893 -31.2329
2.96 35.8461 -87.0339 12.8892 -31.2328
2.997 36.323 -88.1895 12.8892 -31.2326
3.034 36.7999 -89.3451 12.8891 -31.2325
3.071 37.2768 -90.5007 12.8891 -31.2323
3.108 37.7537 -91.6563 12.889 -31.2322
3.145 38.2306 -92.8119 12.8889 -31.232
3.182 38.7075 -93.9675 12.8889 -31.2319
3.219 39.1844 -95.1231 12.8888 -31.2318
3.256 39.6613 -96.2786 12.8888 -31.2317
3.293 40.1382 -97.4342 12.8887 -31.2315
3.33 40.6151 -98.5898 12.8887 -31.2314
3.367 41.0919 -99.7453 12.8886 -31.2313
3.404 41.5688 -100.901 12.8886 -31.2312
3.441 42.0457 -102.056 12.8885 -31.2311
3.478 42.5226 -103.212 12.8885 -31.231
3.515 42.9994 -104.368 12.8885 -31.2308
3.552 43.4763 -105.523 12.8884 -31.2307
3.589 43.9532 -106.679 12.8884 -31.2306
3.626 44.4301 -107.834 12.8883 -31.2305
3.663 44.9069 -108.99 12.8883 -31.2304
3.7 45.3838 -110.145 12.8883 -31.2303
3.737 45.8606 -111.301 12.8882 -31.2302
3.774 46.3375 -112.456 12.8882 -31.2302
3.811 46.8144 -113.612 12.8881 -31.2301
3.848 47.2912 -114.767 12.8881 -31.23
3.885 47.7681 -115.923 12.8881 -31.2299
3.922 48.245 -117.078 12.888 -31.2298
3.959 48.7218 -118.234 12.888 -31.2297
3.996 49.1987 -119.389 12.888 -31.2296
4.033 49.6755 -120.545 12.8879 -31.2296
4.07 50.1524 -121.7 12.8879 -31.2295
4.107 50.6292 -122.856 12.8879 -31.2294
4.144 51.1061 -124.011 12.8878 -31.2293
4.181 51.5829 -125.167 12.8878 -31.2293
4.218 52.0598 -126.322 12.8878 -31.2292
4.255 52.5366 -127.478 12.8877 -31.2291
4.292 53.0135 -128.633 12.8877 -31.229
4.329 53.4903 -129.789 12.8877 -31.229
4.366 53.9672 -130.944 12.8877 -31.2289
4.403 54.444 -132.1 12.8876 -31.2288
4.44 54.9208 -133.255 12.8876 -31.2288
4.477 55.3977 -134.41 12.8876 -31.2287
4.514 55.8745 -135.566 12.8876 -31.2286
4.551 56.3514 -136.721 12.8875 -31.2286
4.588 56.8282 -137.877 12.8875 -31.2285
4.625 57.305 -139.032 12.8875 -31.2285
4.662 57.7819 -140.188 12.8875 -31.2284
4.699 58.2587 -141.343 12.8874 -31.2283
4.736 58.7355 -142.499 12.8874 -31.2283
4.773 59.2124 -143.654 12.8874 -31.2282
4.81 59.6892 -144.81 12.8874 -31.2282
4.847 60.166 -145.965 12.8873 -31.2281
4.884 60.6429 -147.12 12.8873 -31.2281
4.921 61.1197 -148.276 12.8873 -31.228
4.958 61.5965 -149.431 12.8873 -31.228
4.995 62.0734 -150.587 12.8872 -31.2279
5.032 62.5502 -151.742 12.8872 -31.2279
5.069 63.027 -152.898 12.8872 -31.2278
5.106 63.5038 -154.053 12.8872 -31.2278
5.143 63.9807 -155.208 12.8872 -31.2277
5.18 64.4575 -156.364 12.8871 -31.2277
5.217 64.9343 -157.519 12.8871 -31.2276
5.254 65.4111 -158.675 12.8871 -31.2276
5.291 65.888 -159.83 12.8871 -31.2275
5.328 66.3648 -160.986 12.8871 -31.2275
5.365 66.8416 -162.141 12.8871 -31.2274
5.402 67.3184 -163.296 12.887 -31.2274
5.439 67.7952 -164.452 12.887 -31.2273
5.476 68.2721 -165.607 12.887 -31.2273
5.513 68.7489 -166.763 12.887 -31.2273
5.55 69.2257 -167.918 12.887 -31.2272
5.587 69.7025 -169.073 12.8869 -31.2272
5.624 70.1793 -170.229 12.8869 -31.2271
5.661 70.6561 -171.384 12.8869 -31.2271
5.698 71.133 -172.54 12.8869 -31.2271
5.735 71.6098 -173.695 12.8869 -31.227
5.772 72.0866 -174.85 12.8869 -31.227
5.809 72.5634 -176.006 12.8869 -31.2269
5.846 73.0402 -177.161 12.8868 -31.2269
5.883 73.517 -178.317 12.8868 -31.2269
5.92 73.9938 -179.472 12.8868 -31.2268
5.957 74.4707 -180.627 12.8868 -31.2268
5.994 74.9475 -181.783 12.8868 -31.2268
6.031 75.4243 -182.938 12.8868 -31.2267
6.068 75.9011 -184.094 12.8867 -31.2267
6.105 76.3779 -185.249 12.8867 -31.2267
6.142 76.8547 -186.404 12.8867 -31.2266
6.179 77.3315 -187.56 12.8867 -31.2266
6.216 77.8083 -188.715 12.8867 -31.2266
6.253 78.2851 -189.871 12.8867 -31.2265
6.29 78.7619 -191.026 12.8867 -31.2265
6.327 79.2387 -192.181 12.8867 -31.2265
6.364 79.7155 -193.337 12.8866 -31.2264
6.401 80.1924 -194.492 12.8866 -31.2264
6.438 80.6692 -195.647 12.8866 -31.2264
6.475 81.146 -196.803 12.8866 -31.2264
6.512 81.6228 -197.958 12.8866 -31.2263
6.549 82.0996 -199.114 12.8866 -31.2263
6.586 82.5764 -200.269 12.8866 -31.2263
6.623 83.0532 -201.424 12.8866 -31.2262
6.66 83.53 -202.58 12.8865 -31.2262
6.697 84.0068 -203.735 12.8865 -31.2262
6.734 84.4836 -204.89 12.8865 -31.2261
6.771 84.9604 -206.046 12.8865 -31.2261
6.808 85.4372 -207.201 12.8865 -31.2261
6.845 85.914 -208.356 12.8865 -31.2261
6.882 86.3908 -209.512 12.8865 -31.226
6.919 86.8676 -210.667 12.8865 -31.226
6.956 87.3444 -211.823 12.8865 -31.226
6.993 87.8212 -212.978 12.8864 -31.226
7.03 88.298 -214.133 12.8864 -31.2259
7.067 88.7748 -215.289 12.8864 -31.2259
7.104 89.2516 -216.444 12.8864 -31.2259
7.141 89.7284 -217.599 12.8864 -31.2259
7.178 90.2052 -218.755 12.8864 -31.2258
7.215 90.682 -219.91 12.8864 -31.2258
7.252 91.1588 -221.065 12.8864 -31.2258
7.289 91.6356 -222.221 12.8864 -31.2258
7.326 92.1124 -223.376 12.8864 -31.2257
7.363 92.5891 -224.531 12.8863 -31.2257
7.4 93.0659 -225.687 12.8863 -31.2257
7.437 93.5427 -226.842 12.8863 -31.2257
7.474 94.0195 -227.998 12.8863 -31.2257
7.511 94.4963 -229.153 12.8863 -31.2256
7.548 94.9731 -230.308 12.8863 -31.2256
7.585 95.4499 -231.464 12.8863 -31.2256
7.622 95.9267 -232.619 12.8863 -31.2256
7.659 96.4035 -233.774 12.8863 -31.2255
7.696 96.8803 -234.93 12.8863 -31.2255
7.733 97.3571 -236.085 12.8863 -31.2255
7.77 97.8339 -237.24 12.8862 -31.2255
7.807 98.3107 -238.396 12.8862 -31.2255
7.844 98.7875 -239.551 12.8862 -31.2254
7.881 99.2642 -240.706 12.8862 -31.2254
7.918 99.741 -241.862 12.8862 -31.2254
7.955 100.218 -243.017 12.8862 -31.2254
7.992 100.695 -244.172 12.8862 -31.2254
8.029 101.171 -245.328 12.8862 -31.2253
8.066 101.648 -246.483 12.8862 -31.2253
8.103 102.125 -247.638 12.8862 -31.2253
8.14 102.602 -248.794 12.8862 -31.2253
8.177 103.079 -249.949 12.8862 -31.2253
8.214 103.555 -251.104 12.8862 -31.2253
8.251 104.032 -252.26 12.8861 -31.2252
8.288 104.509 -253.415 12.8861 -31.2252
8.325 104.986 -254.57 12.8861 -31.2252
8.362 105.462 -255.726 12.8861 -31.2252
8.399 105.939 -256.881 12.8861 -31.2252
8.436 106.416 -258.036 12.8861 -31.2251
8.473 106.893 -259.192 12.8861 -31.2251
8.51 107.37 -260.347 12.8861 -31.2251
8.547 107.846 -261.502 12.8861 -31.2251
8.584 108.323 -262.658 12.8861 -31.2251
8.621 108.8 -263.813 12.8861 -31.2251
8.658 109.277 -264.968 12.8861 -31.225
8.695 109.754 -266.124 12.8861 -31.225
8.732 110.23 -267.279 12.8861 -31.225
8.769 110.707 -268.434 12.886 -31.225
8.806 111.184 -269.59 12.886 -31.225
8.843 111.661 -270.745 12.886 -31.225
8.88 112.137 -271.9 12.886 -31.2249
8.917 112.614 -273.056 12.886 -31.2249
8.954 113.091 -274.211 12.886 -31.2249
8.991 113.568 -275.366 12.886 -31.2249
9.028 114.045 -276.522 12.886 -31.2249
9.065 114.521 -277.677 12.886 -31.2249
9.102 114.998 -278.832 12.886 -31.2249
9.139 115.475 -279.988 12.886 -31.2248
9.176 115.952 -281.143 12.886 -31.2248
9.213 116.429 -282.298 12.886 -31.2248
9.25 116.905 -283.453 12.886 -31.2248
9.287 117.382 -284.609 12.886 -31.2248
9.324 117.859 -285.764 12.886 -31.2248
9.361 118.336 -286.919 12.8859 -31.2248
9.398 118.812 -288.075 12.8859 -31.2247
9.435 119.289 -289.23 12.8859 -31.2247
9.472 119.766 -290.385 12.8859 -31.2247
9.509 120.243 -291.541 12.8859 -31.2247
9.546 120.72 -292.696 12.8859 -31.2247
9.583 121.196 -293.851 12.8859 -31.2247
9.62 121.673 -295.007 12.8859 -31.2247
9.657 122.15 -296.162 12.8859 -31.2246
9.694 122.627 -297.317 12.8859 -31.2246
9.731 123.103 -298.473 12.8859 -31.2246
9.768 123.58 -299.628 12.8859 -31.2246
9.805 124.057 -300.783 12.8859 -31.2246
9.842 124.534 -301.939 12.8859 -31.2246
9.879 125.011 -303.094 12.8859 -31.2246
9.916 125.487 -304.249 12.8859 -31.2246
9.953 125.964 -305.404 12.8859 -31.2245
9.99 126.441 -306.56 12.8859 -31.2245
10.027 126.918 -307.715 12.8859 -31.2245
10.064 127.394 -308.87 12.8858 -31.2245
10.101 127.871 -310.026 12.8858 -31.2245
10.138 128.348 -311.181 12.8858 -31.2245
10.175 128.825 -312.336 12.8858 -31.2245
10.212 129.302 -313.492 12.8858 -31.2245
10.249 129.778 -314.647 12.8858 -31.2244
10.286 130.255 -315.802 12.8858 -31.2244
10.323 130.732 -316.957 12.8858 -31.2244
10.36 131.209 -318.113 12.8858 -31.2244
10.397 131.685 -319.268 12.8858 -31.2244
10.434 132.162 -320.423 12.8858 -31.2244
10.471 132.639 -321.579 12.8858 -31.2244
10.508 133.116 -322.734 12.8858 -31.2244
10.545 133.592 -323.889 12.8858 -31.2244
10.582 134.069 -325.045 12.8858 -31.2243
10.619 134.546 -326.2 12.8858 -31.2243
10.656 135.023 -327.355 12.8858 -31.2243
10.693 135.5 -328.511 12.8858 -31.2243
10.73 135.976 -329.666 12.8858 -31.2243
10.767 136.453 -330.821 12.8858 -31.2243
10.804 136.93 -331.976 12.8858 -31.2243
10.841 137.407 -333.132 12.8857 -31.2243
10.878 137.883 -334.287 12.8857 -31.2243
10.915 138.36 -335.442 12.8857 -31.2243
10.952 138.837 -336.598 12.8857 -31.2242
10.989 139.314 -337.753 12.8857 -31.2242
11.026 139.791 -338.908 12.8857 -31.2242
11.063 140.267 -340.063 12.8857 -31.2242
11.1 140.744 -341.219 12.8857 -31.2242
11.137 141.221 -342.374 12.8857 -31.2242
11.174 141.698 -343.529 12.8857 -31.2242
11.211 142.174 -344.685 12.8857 -31.2242
11.248 142.651 -345.84 12.8857 -31.2242
11.285 143.128 -346.995 12.8857 -31.2242
11.322 143.605 -348.151 12.8857 -31.2241
11.359 144.081 -349.306 12.8857 -31.2241
11.396 144.558 -350.461 12.8857 -31.2241
11.433 145.035 -351.616 12.8857 -31.2241
11.47 145.512 -352.772 12.8857 -31.2241
11.507 145.989 -353.927 12.8857 -31.2241
11.544 146.465 -355.082 12.8857 -31.2241
11.581 146.942 -356.238 12.8857 -31.2241
11.618 147.419 -357.393 12.8857 -31.2241
11.655 147.896 -358.548 12.8857 -31.2241
11.692 148.372 -359.703 12.8857 -31.2241
11.729 148.849 -360.859 12.8857 -31.224
11.766 149.326 -362.014 12.8856 -31.224
11.803 149.803 -363.169 12.8856 -31.224
11.84 150.279 -364.325 12.8856 -31.224
11.877 150.756 -365.48 12.8856 -31.224
11.914 151.233 -366.635 12.8856 -31.224
11.951 151.71 -367.79 12.8856 -31.224
11.988 152.187 -368.946 12.8856 -31.224
12.025 152.663 -370.101 12.8856 -31.224
12.062 153.14 -371.256 12.8856 -31.224
12.099 153.617 -372.412 12.8856 -31.224
12.136 154.094 -373.567 12.8856 -31.2239
12.173 154.57 -374.722 12.8856 -31.2239
12.21 155.047 -375.877 12.8856 -31.2239
12.247 155.524 -377.033 12.8856 -31.2239
12.284 156.001 -378.188 12.8856 -31.2239
12.321 156.477 -379.343 12.8856 -31.2239
12.358 156.954 -380.499 12.8856 -31.2239
12.395 157.431 -381.654 12.8856 -31.2239
12.432 157.908 -382.809 12.8856 -31.2239
12.469 158.385 -383.964 12.8856 -31.2239
12.506 158.861 -385.12 12.8856 -31.2239
12.543 159.338 -386.275 12.8856 -31.2239
12.58 159.815 -387.43 12.8856 -31.2239
12.617 160.292 -388.586 12.8856 -31.2238
12.654 160.768 -389.741 12.8856 -31.2238
12.691 161.245 -390.896 12.8856 -31.2238
12.728 161.722 -392.051 12.8856 -31.2238
12.765 162.199 -393.207 12.8856 -31.2238
12.802 162.675 -394.362 12.8856 -31.2238
12.839 163.152 -395.517 12.8856 -31.2238
12.876 163.629 -396.673 12.8856 -31.2238
12.913 164.106 -397.828 12.8855 -31.2238
12.95 164.583 -398.983 12.8855 -31.2238
12.987 165.059 -400.138 12.8855 -31.2238
13.024 165.536 -401.294 12.8855 -31.2238
13.061 166.013 -402.449 12.8855 -31.2238
13.098 166.49 -403.604 12.8855 -31.2237
13.135 166.966 -404.76 12.8855 -31.2237
13.172 167.443 -405.915 12.8855 -31.2237
13.209 167.92 -407.07 12.8855 -31.2237
13.246 168.397 -408.225 12.8855 -31.2237
13.283 168.873 -409.381 12.8855 -31.2237
13.32 169.35 -410.536 12.8855 -31.2237
13.357 169.827 -411.691 12.8855 -31.2237
13.394 170.304 -412.846 12.8855 -31.2237
13.431 170.78 -414.002 12.8855 -31.2237
13.468 171.257 -415.157 12.8855 -31.2237
13.505 171.734 -416.312 12.8855 -31.2237
13.542 172.211 -417.468 12.8855 -31.2237
13.579 172.687 -418.623 12.8855 -31.2237
13.616 173.164 -419.778 12.8855 -31.2237
13.653 173.641 -420.933 12.8855 -31.2236
13.69 174.118 -422.089 12.8855 -31.2236
13.727 174.595 -423.244 12.8855 -31.2236
13.764 175.071 -424.399 12.8855 -31.2236
13.801 175.548 -425.555 12.8855 -31.2236
13.838 176.025 -426.71 12.8855 -31.2236
13.875 176.502 -427.865 12.8855 -31.2236
13.912 176.978 -429.02 12.8855 -31.2236
13.949 177.455 -430.176 12.8855 -31.2236
13.986 177.932 -431.331 12.8855 -31.2236
14.023 178.409 -432.486 12.8855 -31.2236
14.06 178.885 -433.641 12.8855 -31.2236
14.097 179.362 -434.797 12.8855 -31.2236
14.134 179.839 -435.952 12.8855 -31.2236
14.171 180.316 -437.107 12.8855 -31.2236
14.208 180.792 -438.263 12.8855 -31.2236
14.245 181.269 -439.418 12.8854 -31.2235
14.282 181.746 -440.573 12.8854 -31.2235
14.319 182.223 -441.728 12.8854 -31.2235
14.356 182.7 -442.884 12.8854 -31.2235
14.393 183.176 -444.039 12.8854 -31.2235
14.43 183.653 -445.194 12.8854 -31.2235
14.467 184.13 -446.349 12.8854 -31.2235
14.504 184.607 -447.505 12.8854 -31.2235
14.541 185.083 -448.66 12.8854 -31.2235
14.578 185.56 -449.815 12.8854 -31.2235
14.615 186.037 -450.97 12.8854 -31.2235
14.652 186.514 -452.126 12.8854 -31.2235
14.689 186.99 -453.281 12.8854 -31.2235
14.726 187.467 -454.436 12.8854 -31.2235
14.763 187.944 -455.592 12.8854 -31.2235
14.8 188.421 -456.747 12.8854 -31.2235
14.837 188.897 -457.902 12.8854 -31.2235
14.874 189.374 -459.057 12.8854 -31.2235
14.911 189.851 -460.213 12.8854 -31.2234
14.948 190.328 -461.368 12.8854 -31.2234
14.985 190.804 -462.523 12.8854 -31.2234
15.022 191.281 -463.678 12.8854 -31.2234
15.059 191.758 -464.834 12.8854 -31.2234
15.096 192.235 -465.989 12.8854 -31.2234
15.133 192.711 -467.144 12.8854 -31.2234
15.17 193.188 -468.299 12.8854 -31.2234
15.207 193.665 -469.455 12.8854 -31.2234
15.244 194.142 -470.61 12.8854 -31.2234
15.281 194.619 -471.765 12.8854 -31.2234
15.318 195.095 -472.921 12.8854 -31.2234
15.355 195.572 -474.076 12.8854 -31.2234
15.392 196.049 -475.231 12.8854 -31.2234
15.429 196.526 -476.386 12.8854 -31.2234
15.466 197.002 -477.542 12.8854 -31.2234
15.503 197.479 -478.697 12.8854 -31.2234
15.54 197.956 -479.852 12.8854 -31.2234
15.577 198.433 -481.007 12.8854 -31.2234
15.614 198.909 -482.163 12.8854 -31.2233
15.651 199.386 -483.318 12.8854 -31.2233
15.688 199.863 -484.473 12.8854 -31.2233
15.725 200.34 -485.628 12.8854 -31.2233
15.762 200.816 -486.784 12.8854 -31.2233
15.799 201.293 -487.939 12.8854 -31.2233
15.836 201.77 -489.094 12.8854 -31.2233
15.873 202.247 -490.25 12.8854 -31.2233
15.91 202.723 -491.405 12.8854 -31.2233
15.947 203.2 -492.56 12.8853 -31.2233
15.984 203.677 -493.715 12.8853 -31.2233
16.021 204.154 -494.871 12.8853 -31.2233
16.058 204.63 -496.026 12.8853 -31.2233
16.095 205.107 -497.181 12.8853 -31.2233
16.132 205.584 -498.336 12.8853 -31.2233
16.169 206.061 -499.492 12.8853 -31.2233
16.206 206.537 -500.647 12.8853 -31.2233
16.243 207.014 -501.802 12.8853 -31.2233
16.28 207.491 -502.957 12.8853 -31.2233
16.317 207.968 -504.113 12.8853 -31.2233
16.354 208.444 -505.268 12.8853 -31.2233
16.391 208.921 -506.423 12.8853 -31.2232
16.428 209.398 -507.578 12.8853 -31.2232
16.465 209.875 -508.734 12.8853 -31.2232
16.502 210.352 -509.889 12.8853 -31.2232
16.539 210.828 -511.044 12.8853 -31.2232
16.576 211.305 -512.199 12.8853 -31.2232
16.613 211.782 -513.355 12.8853 -31.2232
16.65 212.259 -514.51 12.8853 -31.2232
16.687 212.735 -515.665 12.8853 -31.2232
16.724 213.212 -516.821 12.8853 -31.2232
16.761 213.689 -517.976 12.8853 -31.2232
16.798 214.166 -519.131 12.8853 -31.2232
16.835 214.642 -520.286 12.8853 -31.2232
16.872 215.119 -521.442 12.8853 -31.2232
16.909 215.596 -522.597 12.8853 -31.2232
16.946 216.073 -523.752 12.8853 -31.2232
16.983 216.549 -524.907 12.8853 -31.2232
17.02 217.026 -526.063 12.8853 -31.2232
17.057 217.503 -527.218 12.8853 -31.2232
17.094 217.98 -528.373 12.8853 -31.2232
17.131 218.456 -529.528 12.8853 -31.2232
17.168 218.933 -530.684 12.8853 -31.2232
17.205 219.41 -531.839 12.8853 -31.2232
17.242 219.887 -532.994 12.8853 -31.2231
17.279 220.363 -534.149 12.8853 -31.2231
17.316 220.84 -535.305 12.8853 -31.2231
17.353 221.317 -536.46 12.8853 -31.2231
17.39 221.794 -537.615 12.8853 -31.2231
17.427 222.27 -538.77 12.8853 -31.2231
17.464 222.747 -539.926 12.8853 -31.2231
17.501 223.224 -541.081 12.8853 -31.2231
17.538 223.701 -542.236 12.8853 -31.2231
17.575 224.177 -543.391 12.8853 -31.2231
17.612 224.654 -544.547 12.8853 -31.2231
17.649 225.131 -545.702 12.8853 -31.2231
17.686 225.608 -546.857 12.8853 -31.2231
17.723 226.084 -548.012 12.8853 -31.2231
17.76 226.561 -549.168 12.8853 -31.2231
17.797 227.038 -550.323 12.8853 -31.2231
17.834 227.515 -551.478 12.8853 -31.2231
17.871 227.991 -552.633 12.8853 -31.2231
17.908 228.468 -553.789 12.8853 -31.2231
17.945 228.945 -554.944 12.8853 -31.2231
17.982 229.422 -556.099 12.8853 -31.2231
18.019 229.898 -557.254 12.8853 -31.2231
18.056 230.375 -558.41 12.8852 -31.2231
18.093 230.852 -559.565 12.8852 -31.2231
18.13 231.329 -560.72 12.8852 -31.2231
18.167 231.806 -561.875 12.8852 -31.2231
18.204 232.282 -563.031 12.8852 -31.223
18.241 232.759 -564.186 12.8852 -31.223
18.278 233.236 -565.341 12.8852 -31.223
18.315 233.713 -566.496 12.8852 -31.223
18.352 234.189 -567.652 12.8852 -31.223
18.389 234.666 -568.807 12.8852 -31.223
18.426 235.143 -569.962 12.8852 -31.223
18.463 235.62 -571.118 12.8852 -31.223
18.5 236.096 -572.273 12.8852 -31.223
18.537 236.573 -573.428 12.8852 -31.223
18.574 237.05 -574.583 12.8852 -31.223
18.611 237.527 -575.739 12.8852 -31.223
18.648 238.003 -576.894 12.8852 -31.223
18.685 238.48 -578.049 12.8852 -31.223
18.722 238.957 -579.204 12.8852 -31.223
18.759 239.434 -580.36 12.8852 -31.223
18.796 239.91 -581.515 12.8852 -31.223
18.833 240.387 -582.67 12.8852 -31.223
