0 0.723 0 0 7.34
0.5 0.359081 -0.621931 6.44248 3.62048
1 -0.368688 -0.604949 6.3524 -3.97067
1.5 -0.702201 0.0502757 -0.531267 -7.51937
2 -0.280527 0.651817 -6.83321 -3.04004
2.5 0.441416 0.567861 -5.87341 4.4664
3 0.71628 -0.0976854 1.00524 7.27177
3.5 0.269936 -0.664203 6.89178 2.70167
4 -0.449565 -0.546132 5.74351 -4.82713
4.5 -0.688066 0.149815 -1.58269 -7.36806
5 -0.18685 0.685873 -7.17761 -2.05455
5.5 0.515419 0.503068 -5.19613 5.22451
6 0.69624 -0.193554 1.99252 7.06819
6.5 0.175647 -0.693815 7.21166 1.72653
7 -0.521519 -0.476477 5.01777 -5.59129
7.5 -0.660091 0.246342 -2.60104 -7.06883
8 -0.0895172 0.706518 -7.38019 -1.03427
8.5 0.57973 0.428815 -4.42392 5.88166
9 0.663239 -0.285819 2.94412 6.73262
9.5 0.0779941 -0.710131 7.3947 0.712983
10 -0.58308 -0.39733 4.18913 -6.24674
10.5 -0.61886 0.337923 -3.56523 -6.6284
11 0.00955837 0.713423 -7.43853 0.000478122
11.5 0.63318 0.346527 -3.57146 6.42663
12 0.617868 -0.372753 3.84281 6.2706
12.5 -0.0211598 -0.712766 7.43589 -0.319931
13 -0.632983 -0.310238 3.27399 -6.77918
13.5 -0.565229 0.422734 -4.45551 -6.05653
14 0.108451 0.70653 -7.35308 1.0295
14.5 0.674802 0.257764 -2.65459 6.85025
15 0.560944 -0.452717 4.67209 5.68985
15.5 -0.119902 -0.701592 7.33285 -1.35237
16 -0.670193 -0.216927 2.29087 -7.17684
16.5 -0.500307 0.499102 -5.25397 -5.36581
17 0.20526 0.686048 -7.12705 2.03317
17.5 0.703846 0.164195 -1.69008 7.14548
18 0.4935 -0.524188 5.41644 5.00017
18.5 -0.216307 -0.676751 7.08601 -2.36406
19 -0.693936 -0.119257 1.25997 -7.43088
19.5 -0.425426 0.565538 -5.94494 -4.57125
20 0.298144 0.65244 -6.76622 2.99275
20.5 0.719792 0.0675707 -0.695322 7.30744
21 0.416766 -0.58579 6.06158 4.2134
21.5 -0.308473 -0.638655 6.6987 -3.3347
22 -0.703717 -0.0191878 0.202739 -7.5356
22.5 -0.342114 0.620767 -6.51529 -3.68983
23 0.385355 0.606414 -6.27873 3.89071
23.5 0.722356 -0.0303103 0.31185 7.33346
24 0.332154 -0.636316 6.59475 3.34325
24.5 -0.394565 -0.587986 6.17723 -4.24441
25 -0.69933 0.0812678 -0.858742 -7.48864
25.5 -0.252051 0.663752 -6.95466 -2.74011
26 0.465269 0.548902 -5.67485 4.711
26.5 0.711491 -0.127628 1.31345 7.22313
27 0.241233 -0.674754 7.00494 2.40518
27.5 -0.47285 -0.525685 5.53086 -5.07418
28 -0.680868 0.180088 -1.90226 -7.29105
28.5 -0.157039 0.693711 -7.25563 -1.74167
29 0.536411 0.481039 -4.9667 5.43919
29.5 0.687391 -0.222571 2.29158 6.97824
30 0.145708 -0.700309 7.28317 1.41618
30.5 -0.541738 -0.452939 4.77168 -5.80639
31 -0.648717 0.275288 -2.90608 -6.94727
31.5 -0.0589602 0.710128 -7.41371 -0.714722
32 0.597478 0.40414 -4.16802 6.06275
32.5 0.650488 -0.313369 3.22863 6.60284
33 0.0473875 -0.712422 7.42274 0.394552
33.5 -0.599818 -0.371159 3.91441 -6.4252
34 -0.603545 0.364964 -3.84945 -6.46499
34.5 0.0402656 0.712757 -7.42738 0.320408
35 0.647362 0.319674 -3.29387 6.57106
35.5 0.601444 -0.398317 4.10757 6.10315
36 -0.0518456 -0.710785 7.41943 -0.640368
36.5 -0.645893 -0.281951 2.97617 -6.91707
37 -0.54629 0.447335 -4.71315 -5.85488
37.5 0.138716 0.701625 -7.29796 1.34367
38 0.685162 0.22924 -2.36042 6.95561
38.5 0.541145 -0.47581 4.91217 5.48755
39 -0.150071 -0.695354 7.27171 -1.66857
39.5 -0.679007 -0.187086 1.97603 -7.27111
40 -0.478134 0.520781 -5.47993 -5.13032
40.5 0.234505 0.67702 -7.02948 2.33566
41 0.710198 0.134535 -1.38465 7.21001
41.5 0.470685 -0.544368 5.62729 4.76647
42 -0.245366 -0.666355 6.98091 -2.66972
42.5 -0.69847 -0.0884598 0.934644 -7.47941
43 -0.400473 0.583876 -6.13486 -4.30697
43.5 0.325816 0.639482 -6.62848 3.278
44 0.722023 0.0373268 -0.384124 7.33008
44.5 0.391354 -0.602663 6.23907 3.95234
45 -0.335845 -0.624283 6.55128 -3.6236
45.5 -0.703875 0.0119464 -0.126294 -7.53729
46 -0.314884 0.635416 -6.66567 -3.40236
46.5 0.410937 0.589792 -6.10377 4.15358
47 0.720424 -0.0605756 0.623259 7.31384
47.5 0.304614 -0.649547 6.73527 3.05944
48 -0.419701 -0.569902 5.99004 -4.51056
48.5 -0.695109 0.112112 -1.18459 -7.44345
49 -0.223091 0.674442 -7.06288 -2.43542
49.5 0.488288 0.528946 -5.46624 4.94683
50 0.705431 -0.157352 1.61951 7.16156
50.5 0.21208 -0.684073 7.10548 2.10371
51 -0.495241 -0.504231 5.30734 -5.31196
51.5 -0.672356 0.210023 -2.21813 -7.2
52 -0.126926 0.700253 -7.31997 -1.42597
52.5 0.556443 0.458136 -4.72852 5.64391
53 0.677311 -0.2512 2.58679 6.87575
53.5 0.115491 -0.705516 7.34141 1.1026
54 -0.560926 -0.428528 4.51611 -6.01067
54.5 -0.63609 0.303713 -3.20541 -6.81239
55 -0.0282841 0.712416 -7.43339 -0.394298
55.5 0.614159 0.378731 -3.9048 6.23284
56 0.636569 -0.340366 3.50765 6.46111
56.5 0.0166842 -0.713394 7.43708 0.0747512
57 -0.615409 -0.344268 3.63185 -6.59154
57.5 -0.587067 0.391313 -4.12611 -6.28927
58 0.0709076 0.710772 -7.4025 0.639296
58.5 0.66039 0.292241 -3.01051 6.70366
59 0.583936 -0.423173 4.36527 5.92454
59.5 -0.0824437 -0.70748 7.38911 -0.960254
60 -0.657563 -0.253113 2.67232 -7.04179
60.5 -0.526301 0.471087 -4.96157 -5.64219
61 0.168735 0.695426 -7.22949 1.65493
61.5 0.694301 0.200298 -2.0621 7.04851
62 0.520365 -0.498053 5.14375 5.27507
62.5 -0.179967 -0.687813 7.19683 -1.98226
63 -0.686514 -0.156875 1.65714 -7.35143
63.5 -0.455043 0.541473 -5.69522 -4.88527
64 0.263329 0.666749 -6.91918 2.63348
64.5 0.715285 0.104626 -1.07676 7.26167
65 0.447012 -0.563569 5.82829 4.52376
65.5 -0.273971 -0.654702 6.86247 -2.97093
66 -0.701656 -0.0574828 0.607342 -7.51352
66.5 -0.374751 0.60111 -6.31294 -4.03482
67 0.352903 0.625355 -6.47883 3.55693
67.5 0.722966 0.00700732 -0.0721765 7.33965
68 0.365223 -0.618446 6.40552 3.68364
68.5 -0.36259 -0.608726 6.39119 -3.90617
69 -0.702673 0.0430668 -0.455171 -7.52443
69.5 -0.287051 0.648868 -6.80327 -3.10883
70 0.435782 0.572095 -5.91794 4.40863
70.5 0.717206 -0.0907418 0.933691 7.28116
71 0.27651 -0.661596 6.86374 2.76951
71.5 -0.444047 -0.550729 5.79114 -4.76858
72 -0.689545 0.14275 -1.50816 -7.3839
72.5 -0.193704 0.683867 -7.15768 -2.12655
73 0.510431 0.508027 -5.24795 5.17351
73.5 0.698109 -0.186803 1.92288 7.08717
74 0.182529 -0.692139 7.19317 1.7978
74.5 -0.516693 -0.481807 5.07333 -5.53995
75 -0.662545 0.239561 -2.52965 -7.09509
75.5 -0.0965653 0.705487 -7.37054 -1.10803
76 0.575479 0.434402 -4.48201 5.8383
76.5 0.666017 -0.279387 2.87763 6.76086
77 0.0850532 -0.709423 7.3862 0.786365
77.5 -0.579046 -0.403288 4.25153 -6.2037
78 -0.622236 0.331562 -3.49844 -6.66447
78.5 0.00245399 0.713381 -7.43923 -0.0735922
79 0.629743 0.352634 -3.63473 6.39164
79.5 0.621504 -0.36676 3.78068 6.30763
80 -0.0140588 -0.713043 7.43765 -0.24583
80.5 -0.629822 -0.316708 3.34197 -6.74539
81 -0.569457 0.416919 -4.39467 -6.10161
81.5 0.101428 0.707471 -7.36398 0.956555
82 0.672238 0.264276 -2.72188 6.82421
82.5 0.565373 -0.447276 4.61546 5.73504
83 -0.112897 -0.702855 7.34494 -1.27899
83.5 -0.66797 -0.223778 2.36304 -7.15305
84 -0.505298 0.493946 -5.20029 -5.4189
84.5 0.198452 0.687946 -7.14782 1.96272
85 0.702202 0.17099 -1.76015 7.12879
85.5 0.49864 -0.519404 5.36637 5.05275
86 -0.209535 -0.67898 7.1083 -2.29285
86.5 -0.692698 -0.126353 1.33483 -7.41761
87 -0.431078 0.56114 -5.89946 -4.63118
87.5 0.291679 0.655254 -6.79635 2.9261
88 0.719096 0.0745213 -0.766929 7.30037
88.5 0.422523 -0.581754 6.01905 4.27247
89 -0.302068 -0.641811 6.73085 -3.2671
89.5 -0.703487 -0.0263854 0.278722 -7.53314
90 -0.34831 0.61721 -6.47884 -3.75533
90.5 0.379355 0.610085 -6.31757 3.82906
91 0.722619 -0.0233337 0.239987 7.33612
91.5 0.33842 -0.633108 6.5606 3.40776
92 -0.388655 -0.59201 6.21869 -4.18183
92.5 -0.700114 0.0741132 -0.783232 -7.49703
93 -0.258667 0.6611 -6.92787 -2.8098
93.5 0.459843 0.553354 -5.72157 4.65542
94 0.712707 -0.120755 1.24261 7.23547
94.5 0.247892 -0.672438 6.97989 2.47396
95 -0.467554 -0.530502 5.58087 -5.01793
95.5 -0.682647 0.17312 -1.82881 -7.3101
96 -0.163943 0.69201 -7.23892 -1.81412
96.5 0.531659 0.486185 -5.02038 5.39065
97 0.689538 -0.21593 2.22303 7.00005
97.5 0.152634 -0.698934 7.26779 1.48799
98 -0.537164 -0.458456 4.82927 -5.75767
98.5 -0.651453 0.268647 -2.8362 -6.97654
99 -0.0660154 0.709405 -7.40729 -0.788475
99.5 0.593486 0.409879 -4.22762 6.02206
100 0.653527 -0.307083 3.16359 6.63375
100.5 0.054449 -0.712019 7.41741 0.468045
101 -0.596059 -0.377267 3.97845 -6.38507
101.5 -0.60718 0.358781 -3.78459 -6.5038
102 0.0331969 0.71302 -7.43125 0.246797
102.5 0.644201 0.325898 -3.35828 6.5389
103 0.60532 -0.392504 4.04724 6.14264
103.5 -0.0447847 -0.711366 7.42437 -0.566597
104 -0.643026 -0.288529 3.04535 -6.88642
104.5 -0.550749 0.441732 -4.65461 -5.90238
105 0.13177 0.702861 -7.31191 1.27161
105.5 0.682887 0.23583 -2.42846 6.9325
106 0.545786 -0.470581 4.85766 5.53494
106.5 -0.143148 -0.696914 7.28693 -1.59596
107 -0.677092 -0.194003 2.04893 -7.2506
107.5 -0.483323 0.515867 -5.42886 -5.18545
108 0.227813 0.679199 -7.05313 2.2665
108.5 0.70885 0.141368 -1.45508 7.19633
109 0.476008 -0.539822 5.57963 4.82096
109.5 -0.238717 -0.668867 7.00621 -2.59972
110 -0.697545 -0.0955773 1.00975 -7.4695
110.5 -0.406285 0.579744 -6.09225 -4.36855
111 0.319505 0.642558 -6.66127 3.213
111.5 0.721624 0.0442745 -0.455692 7.32604
112 0.397259 -0.598889 6.19919 4.01298
112.5 -0.329603 -0.627703 6.58626 -3.55765
113 -0.703959 0.00477215 -0.0505562 -7.53819
113.5 -0.321202 0.632144 -6.63227 -3.46907
114 0.405124 0.593699 -6.14499 4.09391
114.5 0.720981 -0.0536421 0.551832 7.31949
115 0.310992 -0.646619 6.70398 3.12516
115.5 -0.41399 -0.574166 6.03408 -4.45002
116 -0.6962 0.105026 -1.10982 -7.45513
116.5 -0.229787 0.672089 -7.03926 -2.50586
117 0.483079 0.533606 -5.51504 4.89353
117.5 0.706933 -0.150561 1.54949 7.17681
118 0.218811 -0.682051 7.08345 2.17332
118.5 -0.490176 -0.509257 5.35962 -5.25811
119 -0.674429 0.203166 -2.14588 -7.22219
119.5 -0.133866 0.698858 -7.30648 -1.49871
120 0.551934 0.463458 -4.78395 5.59788
120.5 0.679731 -0.244679 2.51944 6.90033
121 0.122449 -0.704443 7.32914 1.17482
121.5 -0.556611 -0.43422 4.57561 -5.96467
122 -0.639101 0.297223 -3.13718 -6.84458
122.5 -0.035333 0.712 -7.43018 -0.467898
123 0.61043 0.384611 -3.9658 6.19486
123.5 0.639862 -0.334236 3.44417 6.49461
124 0.0237349 -0.713296 7.43493 0.14822
124.5 -0.611932 -0.350513 3.69739 -6.55439
125 -0.590952 0.385318 -4.0633 -6.33073
125.5 0.0638875 0.711336 -7.4095 0.566278
126 0.657508 0.298568 -3.07594 6.67436
126.5 0.588042 -0.41755 4.30684 5.9664
127 -0.0754359 -0.708363 7.39721 -0.886951
127.5 -0.654995 -0.259787 2.74256 -7.01431
128 -0.530979 0.465706 -4.90543 -5.692
128.5 0.161878 0.696953 -7.24644 1.58388
129 0.692317 0.206953 -2.13077 7.02836
129.5 0.52521 -0.493043 5.09144 5.32458
130 -0.173139 -0.689665 7.21514 -1.91057
130.5 -0.684908 -0.163845 1.73063 -7.33422
131 -0.460418 0.536809 -5.64685 -4.94234
131.5 0.256766 0.669202 -6.94563 2.56572
132 0.714233 0.111483 -1.14743 7.251
132.5 0.452506 -0.559269 5.7831 4.58007
133 -0.267458 -0.657491 6.89072 -2.90228
133.5 -0.701045 -0.0646078 0.682546 -7.50697
134 -0.380712 0.597251 -6.27324 -4.0979
134.5 0.346756 0.628683 -6.51419 3.49369
135 0.722864 0.0139396 -0.143581 7.33862
135.5 0.371265 -0.61494 6.36836 3.74575
136 -0.35652 -0.612402 6.42891 -3.84198
136.5 -0.703069 0.0359298 -0.379831 -7.52867
137 -0.293477 0.645886 -6.77296 -3.1766
137.5 0.430165 0.576229 -5.96145 4.35103
138 0.718055 -0.0838635 0.86282 7.28978
138.5 0.282987 -0.658953 6.83536 2.83632
139 -0.438543 -0.555223 5.83766 -4.71019
139.5 -0.690938 0.135744 -1.43427 -7.39882
140 -0.200466 0.681814 -7.13724 -2.19762
140.5 0.505447 0.512885 -5.29873 5.12256
141 0.699893 -0.180107 1.8538 7.10528
141.5 0.18932 -0.690413 7.17418 1.86811
142 -0.511867 -0.487032 5.12777 -5.4886
142.5 -0.664905 0.232828 -2.45874 -7.12035
143 -0.103529 0.704398 -7.36027 -1.18094
143.5 0.571219 0.439889 -4.53908 5.79485
144 0.668703 -0.272998 2.81159 6.78816
144.5 0.0920289 -0.708653 7.37707 0.85886
145 -0.574996 -0.409143 4.31282 -6.1605
145.5 -0.625514 0.325235 -3.43198 -6.69949
146 -0.00457539 0.713269 -7.43919 -0.146901
146.5 0.626282 0.358644 -3.697 6.35642
147 0.625044 -0.360797 3.71887 6.34366
147.5 -0.00703205 -0.713248 7.43865 -0.172523
148 -0.626631 -0.323076 3.40888 -6.71128
148.5 -0.573582 0.411123 -4.33402 -6.1456
149 0.0944691 0.708333 -7.37406 0.884261
149.5 0.669639 0.270695 -2.7882 6.7978
150 0.569701 -0.441852 4.55901 5.77919
150.5 -0.105955 -0.704036 7.35617 -1.20629
151 -0.665704 -0.230534 2.43419 -7.12878
151.5 -0.510186 0.488794 -5.14665 -5.47089
152 0.191697 0.689758 -7.16769 1.89281
152.5 0.70051 0.177697 -1.82932 7.11162
153 0.503678 -0.514621 5.31635 5.10428
153.5 -0.202814 -0.681118 7.12964 -2.2222
154 -0.691402 -0.133361 1.40876 -7.40372
154.5 -0.436627 0.556732 -5.85385 -4.69003
155 0.285256 0.657975 -6.82553 2.85985
155.5 0.71834 0.0813909 -0.837706 7.2927
156 0.428177 -0.577706 5.97641 4.33047
156.5 -0.295701 -0.64487 6.76198 -3.19993
157 -0.703189 -0.033504 0.353868 -7.52993
157.5 -0.354407 0.613628 -6.44211 -3.81978
158 0.373382 0.613658 -6.3554 3.76767
158.5 0.722811 -0.0164292 0.168868 7.33808
159 0.344587 -0.629874 6.5262 3.47122
159.5 -0.382769 -0.595934 6.25908 -4.11952
160 -0.700818 0.0670271 -0.70844 -7.50457
160.5 -0.265188 0.658411 -6.90068 -2.8785
161 0.454432 0.557706 -5.76727 4.59998
161.5 0.713844 -0.113944 1.17242 7.247
162 0.254456 -0.670083 6.95445 2.54175
162.5 -0.462268 -0.535215 5.62977 -4.9618
163 -0.684338 0.166209 -1.75594 -7.3282
163.5 -0.170758 0.69026 -7.22168 -1.88565
164 0.526908 0.49123 -5.07303 5.34211
164.5 0.691599 -0.209339 2.15501 7.02097
165 0.159471 -0.697507 7.25187 1.55886
165.5 -0.532585 -0.463868 4.88575 -5.70891
166 -0.654094 0.262049 -2.76677 -7.00479
166.5 -0.0729892 0.708621 -7.40022 -0.861398
167 0.589481 0.415519 -4.28621 5.98123
167.5 0.656473 -0.300835 3.09897 6.6637
168 0.0614298 -0.711551 7.41142 0.540679
168.5 -0.59228 -0.383272 4.04139 -6.34474
169 -0.610716 0.352628 -3.72002 -6.54156
169.5 0.0262001 0.713211 -7.43436 0.173915
170 0.641013 0.332024 -3.42171 6.50647
170.5 0.609098 -0.386717 3.98719 6.18112
171 -0.0377948 -0.711873 7.42853 -0.493589
171.5 -0.640126 -0.295009 3.11348 -6.8554
172 -0.555105 0.436144 -4.59622 -5.9488
172.5 0.124885 0.704017 -7.32502 1.20016
173 0.680573 0.242328 -2.49555 6.909
173.5 0.550327 -0.465363 4.80329 5.5813
174 -0.136285 -0.698389 7.30126 -1.524
174.5 -0.675129 -0.200827 2.12085 -7.22958
175 -0.488409 0.510953 -5.37779 -5.2395
175.5 0.221172 0.68129 -7.07587 2.19784
176 0.70745 0.148114 -1.52464 7.18213
176.5 0.481228 -0.535274 5.53197 4.87441
177 -0.232116 -0.671287 7.03054 -2.53025
177.5 -0.69656 -0.102609 1.08396 -7.45894
178 -0.411996 0.575599 -6.04946 -4.42906
178.5 0.313231 0.645539 -6.69309 3.14837
179 0.721163 0.0511438 -0.526455 7.32136
179.5 0.403063 -0.595099 6.15917 4.07258
180 -0.323394 -0.631024 6.6202 -3.49207
180.5 -0.703971 -0.00232622 0.0243791 -7.53832
181 -0.327421 0.628845 -6.59856 -3.53475
181.5 0.399335 0.597508 -6.18521 4.03447
182 0.721466 -0.0467777 0.481119 7.32441
182.5 0.317272 -0.643662 6.6724 3.18986
183 -0.408298 -0.578327 6.07703 -4.3897
183.5 -0.697208 0.0980038 -1.03572 -7.46594
184 -0.23639 0.669694 -7.01519 -2.57534
184.5 0.477881 0.538166 -5.56283 4.84032
185 0.708354 -0.143829 1.48009 7.19123
185.5 0.225449 -0.679986 7.06099 2.24196
186 -0.485116 -0.51418 5.41079 -5.20433
186.5 -0.676412 0.196362 -2.07417 -7.24342
187 -0.14072 0.69741 -7.29243 -1.57057
187.5 0.547421 0.46868 -4.83836 5.55181
188 0.682062 -0.238205 2.45258 6.92401
188.5 0.12932 -0.703315 7.31631 1.24612
189 -0.552286 -0.439807 4.63401 -5.91858
189.5 -0.642016 0.290772 -3.06935 -6.87574
190 -0.0423033 0.71152 -7.42628 -0.540698
190.5 0.606685 0.390393 -4.02579 6.15671
191 0.64306 -0.328141 3.38107 6.52715
191.5 0.0307078 -0.71313 7.43208 0.220857
192 -0.60843 -0.356656 3.76185 -6.51699
192.5 -0.594737 0.379349 -4.00074 -6.37112
193 0.0569362 0.711826 -7.41571 0.493955
193.5 0.654596 0.3048 -3.1404 6.64475
194 0.59205 -0.411949 4.24864 6.00726
194.5 -0.068496 -0.709168 7.4045 -0.814378
195 -0.652389 -0.266363 2.81177 -6.98643
195.5 -0.535555 0.460336 -4.84939 -5.74072
196 0.155079 0.698397 -7.26252 1.51341
196.5 0.69029 0.213517 -2.19851 7.00778
197 0.529954 -0.488041 5.03923 5.37305
197.5 -0.166367 -0.69143 7.23253 -1.83948
198 -0.68325 -0.170723 1.80316 -7.31647
198.5 -0.46569 0.532141 -5.59843 -4.99832
199 0.250248 0.671567 -6.97115 2.49842
199.5 0.713126 0.118257 -1.21724 7.23978
200 0.457899 -0.554963 5.73788 4.63533
200.5 -0.260988 -0.660186 6.91798 -2.83412
201 -0.70037 -0.0716502 0.756875 -7.49974
201.5 -0.386572 0.593375 -6.23334 -4.15993
202 0.340642 0.631917 -6.54857 3.43078
202.5 0.722696 0.0207962 -0.214208 7.33692
203 0.377207 -0.611413 6.331 3.80683
203.5 -0.350481 -0.615978 6.46559 -3.77812
204 -0.70339 0.0288654 -0.305258 -7.53211
204.5 -0.299806 0.642873 -6.7423 -3.24337
205 0.424569 0.580265 -6.00395 4.29362
205.5 0.718829 -0.0770514 0.792634 7.29763
206 0.289368 -0.656276 6.80664 2.90213
206.5 -0.433056 -0.559613 5.88309 -4.65198
207 -0.692247 0.1288 -1.36102 -7.41285
207.5 -0.207136 0.679717 -7.11633 -2.26773
208 0.50047 0.517643 -5.34849 5.07165
208.5 0.701594 -0.173466 1.7853 7.12254
209 0.19602 -0.688641 7.15473 1.93746
209.5 -0.507042 -0.492153 5.1811 -5.43727
210 -0.667174 0.226143 -2.38834 -7.14463
210.5 -0.110409 0.703252 -7.3494 -1.25298
211 0.566952 0.445275 -4.59513 5.75132
211.5 0.671299 -0.266651 2.74601 6.81454
212 0.0989209 -0.707824 7.36734 0.930464
212.5 -0.570932 -0.414894 4.37301 -6.11717
213 -0.628694 0.318943 -3.36588 -6.73348
213.5 -0.0115291 0.713091 -7.43845 -0.219442
214 0.622801 0.364556 -3.75828 6.32099
214.5 0.628488 -0.354865 3.65739 6.37871
215 -8.01268e-05 -0.713383 7.43894 -0.100018
215.5 -0.623411 -0.329345 3.47472 -6.67688
216 -0.577607 0.405348 -4.27357 -6.18853
216.5 0.0875759 0.709118 -7.38333 0.812628
217 0.667006 0.277019 -2.85357 6.77104
217.5 0.57393 -0.436445 4.50276 5.82233
218 -0.0990779 -0.705137 7.36657 -1.13429
218.5 -0.663395 -0.237195 2.50433 -7.10407
219 -0.514971 0.48365 -5.09305 -5.5218
219.5 0.184996 0.691486 -7.18669 1.82344
220 0.698771 0.184315 -1.89759 7.09397
220.5 0.508615 -0.509843 5.26639 5.15477
221 -0.196146 -0.683168 7.15006 -2.15212
221.5 -0.690051 -0.14028 1.48174 -7.38925
222 -0.442074 0.552317 -5.80814 -4.74782
222.5 0.278874 0.660606 -6.85377 2.79402
223 0.717526 0.0881791 -0.907649 7.28445
223.5 0.433732 -0.573648 5.93369 4.38743
224 -0.289374 -0.647833 6.79211 -3.1332
224.5 -0.702824 -0.040543 0.428171 -7.52602
225 -0.360404 0.610026 -6.40514 -3.8832
225.5 0.367439 0.617135 -6.39225 3.70658
226 0.722936 -0.00959766 0.0984993 7.33934
226.5 0.350655 -0.626616 6.49158 3.53366
227 -0.37691 -0.599756 6.29841 -4.0575
227.5 -0.701445 0.0600102 -0.634379 -7.51129
228 -0.271613 0.655686 -6.87309 -2.94621
228.5 0.449037 0.56196 -5.81196 4.54469
229 0.714904 -0.107196 1.10288 7.25775
229.5 0.260926 -0.66769 6.92864 2.60855
230 -0.456994 -0.539825 5.67758 -4.9058
230.5 -0.685943 0.159356 -1.68367 -7.34539
231 -0.177483 0.688461 -7.20392 -1.95626
231.5 0.522159 0.496175 -5.12467 5.29358
232 0.693574 -0.2028 2.08753 7.04102
232.5 0.16622 -0.696029 7.23545 1.62879
233 -0.528002 -0.469177 4.94113 -5.66013
233.5 -0.656642 0.255496 -2.6978 -7.03205
234 -0.0798811 0.707777 -7.39251 -0.933486
234.5 0.585464 0.42106 -4.34379 5.94029
235 0.659327 -0.294628 3.03477 6.69272
235.5 0.0683296 -0.711022 7.4048 0.612449
236 -0.588484 -0.389175 4.10324 -6.30423
236.5 -0.614154 0.346506 -3.65577 -6.57828
237 0.019276 0.713332 -7.43673 0.10177
237.5 0.637801 0.338055 -3.48415 6.47379
238 0.612779 -0.380957 3.92743 6.21862
238.5 -0.0308768 -0.712306 7.43193 -0.421351
239 -0.637193 -0.301389 3.18056 -6.82404
239.5 -0.55936 0.430574 -4.53799 -5.99414
240 0.118062 0.705093 -7.33731 1.12935
240.5 0.678222 0.248733 -2.56171 6.88512
241 0.554769 -0.46016 4.74908 5.62664
241.5 -0.129483 -0.699782 7.31474 -1.4527
242 -0.67312 -0.207558 2.19177 -7.20807
242.5 -0.493392 0.506043 -5.32672 -5.29248
243 0.21458 0.683296 -7.09771 2.12968
243.5 0.706002 0.154774 -1.59331 7.16743
244 0.486348 -0.530726 5.48433 4.92681
244.5 -0.225563 -0.673616 7.05393 -2.46131
245 -0.695517 -0.109556 1.15725 -7.44776
245.5 -0.417605 0.571443 -6.00654 -4.48851
246 0.306996 0.648428 -6.72396 3.08413
246.5 0.720642 0.0579343 -0.596409 7.31608
247 0.408767 -0.591295 6.11902 4.13114
247.5 -0.317221 -0.634249 6.65312 -3.4269
248 -0.703914 -0.00934796 0.0985044 -7.53771
248.5 -0.333542 0.62552 -6.56456 -3.59941
249 0.393572 0.601221 -6.22444 3.97528
249.5 0.72188 -0.0399833 0.411128 7.32861
250 0.323455 -0.640677 6.64055 3.25354
250.5 -0.402628 -0.582388 6.11892 -4.32964
251 -0.698138 0.091048 -0.96232 -7.4759
251.5 -0.242898 0.667262 -6.99071 -2.64385
252 0.472695 0.542627 -5.6096 4.78722
252.5 0.709696 -0.137157 1.41131 7.20485
253 0.231995 -0.67788 7.03812 2.30961
253.5 -0.480064 -0.518999 5.46087 -5.15064
254 -0.678307 0.189611 -2.00303 -7.26371
254.5 -0.147487 0.695911 -7.27782 -1.64153
255 0.542908 0.473802 -4.89175 5.50572
255.5 0.684306 -0.231779 2.38624 6.9468
256 0.136105 -0.702133 7.30295 1.31651
256.5 -0.547954 -0.445292 4.69131 -5.87243
257 -0.644837 0.284363 -3.00195 -6.9059
257.5 -0.0491945 0.710977 -7.42173 -0.612692
258 0.602925 0.396077 -4.08478 6.1184
258.5 0.646166 -0.322082 3.31836 6.55874
259 0.0376024 -0.712899 7.42856 0.292658
259.5 -0.604907 -0.362698 3.82523 -6.47937
260 -0.598423 0.373408 -3.93845 -6.41047
260.5 0.0500546 0.712244 -7.42117 0.422337
261 0.651656 0.310937 -3.20389 6.61486
261.5 0.595961 -0.40637 4.19071 6.04711
262 -0.0616248 -0.709898 7.41101 -0.742543
262.5 -0.649747 -0.272843 2.87994 -6.95817
263 -0.54003 0.454978 -4.79347 -5.78837
263.5 0.148339 0.699761 -7.27776 1.44354
264 0.688223 0.219991 -2.26534 6.98679
264.5 0.534598 -0.483049 4.98715 5.42049
265 -0.159653 -0.69311 7.24905 -1.76902
265.5 -0.681544 -0.177511 1.87471 -7.29819
266 -0.470861 0.527472 -5.54997 -5.05323
266.5 0.243778 0.673843 -6.99577 2.43159
267 0.711968 0.124946 -1.28618 7.22802
267.5 0.463192 -0.550652 5.69264 4.68954
268 -0.254563 -0.662789 6.94427 -2.76644
268.5 -0.699634 -0.0786095 0.830323 -7.49185
269 -0.392331 0.589483 -6.19326 -4.22091
269.5 0.334564 0.635057 -6.58199 3.36821
270 0.722466 0.0275766 -0.284051 7.33459
270.5 0.38305 -0.607869 6.29349 3.86687
271 -0.344473 -0.619457 6.50123 -3.71462
271.5 -0.703639 0.0218745 -0.23146 -7.53477
272 -0.306037 0.63983 -6.71132 -3.30913
272.5 0.418994 0.584204 -6.04546 4.23643
273 0.71953 -0.0703063 0.72314 7.30474
273.5 0.295653 -0.653568 6.77762 2.96694
274 -0.427586 -0.563903 5.92745 -4.59397
274.5 -0.693475 0.121918 -1.28842 -7.42599
275 -0.213715 0.677579 -7.09496 -2.3369
275.5 0.495502 0.522302 -5.39725 5.02083
276 0.703213 -0.166882 1.7174 7.13897
276.5 0.202629 -0.686825 7.13483 2.00585
277 -0.502221 -0.497171 5.23334 -5.38599
277.5 -0.669354 0.219509 -2.31846 -7.16796
278 -0.117203 0.702053 -7.33795 -1.32416
278.5 0.56268 0.450564 -4.65017 5.70773
279 0.673806 -0.26035 2.68091 6.84002
279.5 0.105729 -0.706938 7.35704 1.00118
280 -0.566857 -0.420543 4.43211 -6.07372
280.5 -0.631779 0.312688 -3.30016 -6.76645
281 -0.0184065 0.712848 -7.43702 -0.291205
281.5 0.619302 0.370371 -3.81857 6.28536
282 0.631837 -0.348965 3.59626 6.41281
282.5 0.00679626 -0.71345 7.43853 -0.0283204
283 -0.620167 -0.335513 3.53949 -6.64221
283.5 -0.581533 0.399597 -4.21335 -6.2304
284 0.0807493 0.709829 -7.39183 0.741667
284.5 0.664342 0.283251 -2.91798 6.74396
285 0.578062 -0.431057 4.44674 5.86446
285.5 -0.0922661 -0.706159 7.37616 -1.06299
286 -0.661047 -0.24376 2.57345 -7.07894
286.5 -0.519655 0.478515 -5.03953 -5.57164
287 0.178351 0.693131 -7.20482 1.75462
287.5 0.696989 0.190845 -1.96496 7.07589
288 0.513452 -0.50507 5.2165 5.20422
288.5 -0.189532 -0.685132 7.16957 -2.08263
289 -0.688648 -0.147111 1.55378 -7.37422
289.5 -0.447419 0.547897 -5.76236 -4.80454
290 0.272536 0.663147 -6.88109 2.72863
290.5 0.716657 0.0948856 -0.976754 7.27564
291 0.439186 -0.569582 5.89091 4.44336
291.5 -0.283089 -0.650703 6.82125 -3.06692
292 -0.702394 -0.0475017 0.501624 -7.52141
292.5 -0.366301 0.606404 -6.36795 -3.94558
293 0.361526 0.620518 -6.42813 3.64578
293.5 0.722995 -0.00283959 0.0288874 7.33994
294 0.356626 -0.623336 6.45675 3.59507
294.5 -0.371078 -0.603481 6.33669 -3.99579
295 -0.701997 0.0530637 -0.561057 -7.5172
295.5 -0.277943 0.652929 -6.84515 -3.01293
296 0.443659 0.566117 -5.85565 4.48957
296.5 0.715888 -0.100512 1.034 7.26774
297 0.267301 -0.665263 6.90249 2.67435
297.5 -0.451733 -0.544334 5.72431 -4.84996
298 -0.687464 0.152561 -1.61202 -7.36168
298.5 -0.184119 0.686618 -7.18567 -2.02595
299 0.517415 0.501022 -5.17529 5.24509
299.5 0.695465 -0.196315 2.02061 7.06023
300 0.17288 -0.694504 7.21855 1.69779
300.5 -0.52342 -0.474382 4.99541 -5.61134
301 -0.6591 0.248989 -2.62931 -7.05834
301.5 -0.0866908 0.706877 -7.3842 -1.00473
302 0.581439 0.426503 -4.40037 5.89925
302.5 0.662091 -0.288461 2.97101 6.72082
303 0.0751478 -0.710432 7.39757 0.683351
303.5 -0.584673 -0.394977 4.16401 -6.26356
304 -0.617495 0.340417 -3.59185 -6.61397
304.5 0.0124254 0.713386 -7.43839 0.0303698
305 0.634566 0.343989 -3.54562 6.44088
305.5 0.616365 -0.375226 3.86799 6.25514
306 -0.0240314 -0.712669 7.43461 -0.349891
306.5 -0.634232 -0.307671 3.24658 -6.79238
307 -0.563515 0.425023 -4.47994 -6.03843
307.5 0.111303 0.706093 -7.34879 1.05917
308 0.675836 0.255046 -2.62693 6.86088
308.5 0.559112 -0.454972 4.69506 5.67097
309 -0.122743 -0.701094 7.32738 -1.38208
309.5 -0.671069 -0.214196 2.2617 -7.18611
310 -0.498275 0.501138 -5.27569 -5.34439
310.5 0.208042 0.685216 -7.11867 2.06204
311 0.704506 0.161348 -1.66109 7.15225
311.5 0.491369 -0.526181 5.43673 4.97818
312 -0.219061 -0.675857 7.07638 -2.39292
312.5 -0.694418 -0.116416 1.22963 -7.43598
313 -0.423114 0.567278 -5.9635 -4.5469
313.5 0.300801 0.651227 -6.7539 3.02027
314 0.720062 0.0646454 -0.665549 7.3102
314.5 0.414373 -0.587479 6.07877 4.18867
315 -0.311086 -0.637379 6.68505 -3.36213
315.5 -0.70379 -0.0162924 0.171812 -7.53637
316 -0.339564 0.622173 -6.53031 -3.66304
316.5 0.387835 0.604839 -6.26269 3.91636
317 0.722226 -0.0332597 0.341867 7.33212
317.5 0.329541 -0.637666 6.60847 3.3162
318 -0.396982 -0.586349 6.15976 -4.26983
318.5 -0.69899 0.084159 -0.88962 -7.48502
319 -0.249313 0.664793 -6.96583 -2.7114
319.5 0.467524 0.546991 -5.65538 4.73426
320 0.71096 -0.130546 1.34316 7.21767
320.5 0.238448 -0.675736 7.01487 2.37629
321 -0.475022 -0.523716 5.50986 -5.09707
321.5 -0.680116 0.182916 -1.93246 -7.28308
322 -0.154166 0.694363 -7.2627 -1.7116
322.5 0.538395 0.478826 -4.94414 5.45964
323 0.686465 -0.225404 2.32042 6.96873
323.5 0.142803 -0.7009 7.28906 1.38598
324 -0.543617 -0.450674 4.74752 -5.82623
324.5 -0.647565 0.277996 -2.93498 -6.93508
325 -0.0560061 0.710375 -7.41653 -0.683874
325.5 0.599152 0.401663 -4.14278 6.07996
326 0.64918 -0.316061 3.25605 6.5894
326.5 0.044418 -0.712605 7.4244 0.363617
327 -0.601365 -0.36864 3.88754 -6.44155
327.5 -0.602012 0.367495 -3.87645 -6.44878
328 0.0432433 0.712591 -7.42589 0.351433
328.5 0.648691 0.316979 -3.26641 6.58471
329 0.599776 -0.400817 4.13304 6.08599
329.5 -0.0548231 -0.710554 7.41677 -0.671454
330 -0.647072 -0.279226 2.94708 -6.92955
330.5 -0.544405 0.449637 -4.73769 -5.83497
331 0.14166 0.701045 -7.29217 1.37427
331.5 0.686117 0.226375 -2.33124 6.96541
332 0.539143 -0.478069 4.9352 5.46692
332.5 -0.152998 -0.694708 7.2647 -1.6992
333 -0.679791 -0.184208 1.9453 -7.27942
333.5 -0.47593 0.522805 -5.5015 -5.10708
334 0.237357 0.676034 -7.01949 2.36524
334.5 0.710759 0.131552 -1.35427 7.21576
335 0.468385 -0.54634 5.64739 4.74273
335.5 -0.248185 -0.665302 6.96962 -2.69928
336 -0.698839 -0.0854853 0.902885 -7.48332
336.5 -0.397991 0.585579 -6.15302 -4.28086
337 0.328521 0.638106 -6.61447 3.306
337.5 0.722174 0.0342802 -0.353105 7.33163
338 0.388795 -0.604309 6.25583 3.92589
338.5 -0.338499 -0.622839 6.53587 -3.65149
339 -0.703818 0.0149579 -0.158446 -7.53668
339.5 -0.312172 0.636762 -6.68003 -3.37388
340 0.413442 0.588048 -6.08599 4.17946
340.5 0.72016 -0.063629 0.654348 7.31113
341 0.301843 -0.650831 6.74832 3.03074
341.5 -0.422136 -0.568092 5.97075 -4.53619
342 -0.694623 0.1151 -1.21649 -7.43829
342.5 -0.220202 0.6754 -7.07315 -2.40513
343 0.490543 0.526864 -5.445 4.97009
343.5 0.704753 -0.160355 1.65009 7.1546
344 0.209147 -0.684966 7.11451 2.07328
344.5 -0.497405 -0.502087 5.28449 -5.33478
345 -0.671446 0.212926 -2.24911 -7.19035
345.5 -0.123913 0.700802 -7.32594 -1.39446
346 0.558404 0.455754 -4.70422 5.6641
346.5 0.676227 -0.254096 2.61629 6.86461
347 0.112452 -0.705998 7.34618 1.07099
347.5 -0.562773 -0.42609 4.49012 -6.03018
348 -0.63477 0.306472 -3.23483 -6.79842
348.5 -0.0252069 0.712542 -7.43492 -0.362186
349 0.615786 0.376089 -3.87787 6.24956
349.5 0.635095 -0.343099 3.5355 6.44596
350 0.0135965 -0.713451 7.43744 0.0425634
350.5 -0.616899 -0.341582 3.6032 -6.60729
351 -0.58536 0.393871 -4.15337 -6.27123
351.5 0.07399 0.710467 -7.39956 0.671387
352 0.661649 0.289388 -2.98144 6.71659
352.5 0.582097 -0.425691 4.39095 5.90561
353 -0.0855208 -0.707106 7.38496 -0.992403
353.5 -0.658662 -0.25023 2.64157 -7.05342
354 -0.524239 0.473391 -4.98611 -5.62042
354.5 0.171762 0.694695 -7.22211 1.68638
355 0.695166 0.197287 -2.03142 7.05738
355.5 0.518191 -0.500305 5.16672 5.25266
356 -0.182973 -0.68701 7.18819 -2.01374
356.5 -0.687195 -0.153853 1.62488 -7.35865
357 -0.452664 0.543473 -5.71653 -4.8602
357.5 0.266243 0.665601 -6.9075 2.66368
358 0.715735 0.10151 -1.04502 7.26629
358.5 0.444541 -0.565511 5.8481 4.49826
359 -0.276846 -0.653482 6.84943 -3.0011
359.5 -0.701903 -0.0543796 0.574221 -7.51614
360 -0.3721 0.602765 -6.33057 -4.00693
360.5 0.355647 0.623809 -6.46306 3.58531
361 0.72299 0.00384432 -0.0399615 7.33989
361.5 0.362499 -0.620037 6.42174 3.65547
362 -0.365276 -0.607108 6.37395 -3.93441
362.5 -0.702476 0.0461882 -0.488485 -7.52233
363 -0.284178 0.650142 -6.81687 -3.07866
363.5 0.438302 0.570177 -5.89836 4.43464
364 0.7168 -0.093893 0.965789 7.27699
364.5 0.273582 -0.662802 6.87601 2.73917
365 -0.446488 -0.548742 5.76997 -4.7943
365.5 -0.688903 0.145826 -1.54099 -7.37709
366 -0.190664 0.684731 -7.16695 -2.09471
366.5 0.512677 0.505771 -5.22492 5.19666
367 0.697275 -0.189884 1.95426 7.07861
367.5 0.179451 -0.692933 7.20119 1.76585
368 -0.518838 -0.479487 5.04861 -5.56258
368.5 -0.661468 0.24253 -2.56131 -7.08368
369 -0.0934178 0.705922 -7.3753 -1.07513
369.5 0.577407 0.431848 -4.45595 5.85813
370 0.664767 -0.282338 2.90771 6.74802
370.5 0.081884 -0.709785 7.38975 0.753381
371 -0.580849 -0.400677 4.22371 -6.22276
371.5 -0.620742 0.334362 -3.52829 -6.64865
372 0.0056488 0.713374 -7.43937 -0.0402771
372.5 0.631312 0.349828 -3.60611 6.40777
373 0.619858 -0.369525 3.80888 6.29071
373.5 -0.0172593 -0.712962 7.43658 -0.279216
374 -0.631243 -0.313856 3.31157 -6.76042
374.5 -0.567572 0.419493 -4.42209 -6.08168
375 0.104608 0.707019 -7.35949 0.989641
375.5 0.673418 0.261268 -2.69121 6.83631
376 0.563358 -0.449801 4.64122 5.7143
376.5 -0.116067 -0.702328 7.33921 -1.31213
377 -0.668977 -0.220741 2.33064 -7.16371
377.5 -0.503057 0.49624 -5.22471 -5.39524
378 0.201556 0.687055 -7.13878 1.99494
378.5 0.702966 0.167835 -1.72799 7.13663
379 0.49629 -0.521639 5.38919 5.02853
379.5 -0.212611 -0.678012 7.09794 -2.32509
380 -0.693265 -0.123189 1.30108 -7.42362
380.5 -0.428523 0.563105 -5.92037 -4.60425
381 0.294647 0.653937 -6.78292 2.95683
381.5 0.719426 0.0712768 -0.733872 7.30375
382 0.419879 -0.583654 6.03845 4.24517
382.5 -0.30499 -0.640416 6.71599 -3.29779
383 -0.703601 -0.0231589 0.244296 -7.53434
383.5 -0.345489 0.618805 -6.49582 -3.72567
384 0.382128 0.608364 -6.29998 3.85772
384.5 0.722506 -0.0266074 0.273342 7.33496
385 0.33553 -0.634633 6.57616 3.37786
385.5 -0.391362 -0.590213 6.19956 -4.21032
386 -0.699766 0.077338 -0.817635 -7.49334
386.5 -0.255635 0.662291 -6.94057 -2.77797
387 0.462368 0.551259 -5.70016 4.68146
387.5 0.712149 -0.123997 1.27565 7.22973
388 0.244809 -0.673555 6.99126 2.442
388.5 -0.469991 -0.528333 5.55779 -5.04362
389 -0.681842 0.176278 -1.86248 -7.30156
389.5 -0.160757 0.69277 -7.24707 -1.78076
390 0.533884 0.483752 -4.99554 5.41357
390.5 0.688541 -0.219079 2.25513 6.98981
391 0.149414 -0.699617 7.27468 1.45454
391.5 -0.539278 -0.455955 4.80265 -5.78
392 -0.650202 0.271673 -2.86846 -6.96328
392.5 -0.0627375 0.709715 -7.41072 -0.754237
393 0.595368 0.407153 -4.19979 6.04141
393.5 0.652105 -0.310079 3.19416 6.61915
394 0.0511542 -0.712251 7.41962 0.433731
394.5 -0.597806 -0.374481 3.94878 -6.40355
395 -0.605506 0.361613 -3.81475 -6.48608
395.5 0.0365033 0.712871 -7.42989 0.281251
396 0.645702 0.322927 -3.32797 6.55431
396.5 0.603496 -0.395291 4.07567 6.12389
397 -0.0480917 -0.711138 7.42178 -0.60112
397.5 -0.644366 -0.285512 3.01319 -6.90061
398 -0.54868 0.444312 -4.68207 -5.88052
398.5 0.135041 0.702253 -7.30579 1.30561
399 0.683976 0.232668 -2.39621 6.94367
399.5 0.543592 -0.473102 4.88341 5.51235
400 -0.146403 -0.696225 7.27952 -1.63002
400.5 -0.677994 -0.190813 2.01492 -7.26017
401 -0.4809 0.51814 -5.45304 -5.15988
401.5 0.230985 0.67814 -7.04234 2.2994
402 0.709502 0.138072 -1.42149 7.20301
402.5 0.47348 -0.542028 5.60217 4.7949
403 -0.241855 -0.667726 6.99405 -2.63264
403.5 -0.697988 -0.0922772 0.974557 -7.47419
404 -0.403552 0.581663 -6.11265 -4.33976
404.5 0.322517 0.641065 -6.64601 3.24417
405 0.721824 0.0409065 -0.421366 7.32808
405.5 0.394442 -0.600735 6.21806 3.98389
406 -0.332561 -0.626128 6.5695 -3.58874
406.5 -0.703929 0.0081162 -0.0862241 -7.53787
407 -0.318211 0.633668 -6.64847 -3.43764
407.5 0.407916 0.591798 -6.12555 4.12274
408 0.720721 -0.0570203 0.586263 7.31683
408.5 0.307937 -0.648067 6.71876 3.09354
409 -0.416707 -0.572183 6.013 -4.47864
409.5 -0.695693 0.108346 -1.14523 -7.44975
410 -0.226597 0.673185 -7.05094 -2.4724
410.5 0.485597 0.531329 -5.49177 4.91948
411 0.706214 -0.153887 1.5834 7.16944
411.5 0.215575 -0.683068 7.0938 2.13975
412 -0.492596 -0.506903 5.33458 -5.28365
412.5 -0.673452 0.206396 -2.18031 -7.21182
413 -0.130537 0.699501 -7.3134 -1.46388
413.5 0.554128 0.460847 -4.75727 5.62045
414 0.678562 -0.247889 2.55217 6.88834
414.5 0.119091 -0.705005 7.33479 1.13991
415 -0.558683 -0.431537 4.54706 -5.98657
415.5 -0.63767 0.300296 -3.16992 -6.82941
416 -0.0319299 0.712175 -7.43218 -0.432378
416.5 0.612256 0.381712 -3.93619 6.21362
417 0.638261 -0.337269 3.47513 6.47818
417.5 0.0203199 -0.713388 7.43569 0.112628
418 -0.61361 -0.347553 3.66586 -6.57216
418.5 -0.589091 0.388171 -4.09366 -6.31104
419 0.067299 0.711036 -7.40655 0.601798
419.5 0.658929 0.295433 -3.04395 6.68894
420 0.586036 -0.420348 4.33541 5.94578
420.5 -0.0788426 -0.707978 7.393 -0.922542
421 -0.656243 -0.256606 2.70867 -7.02753
421.5 -0.528724 0.46828 -4.9328 -5.66816
422 0.165232 0.69618 -7.23858 1.61871
422.5 0.693303 0.20364 -2.09697 7.03847
423 0.522832 -0.49555 5.11706 5.30009
423.5 -0.176471 -0.688806 7.20596 -1.94546
424 -0.685695 -0.160505 1.69503 -7.34257
424.5 -0.45781 0.539049 -5.67066 -4.91482
425 0.259996 0.667969 -6.93302 2.5992
425.5 0.714763 0.108052 -1.11244 7.25642
426 0.449798 -0.561435 5.80526 4.55214
426.5 -0.270648 -0.65617 6.87667 -2.93577
427 -0.701351 -0.0611763 0.645957 -7.51022
427.5 -0.3778 0.599112 -6.293 -4.06725
428 0.349801 0.627009 -6.49705 3.52518
428.5 0.722923 0.0104535 -0.108042 7.33922
429 0.368275 -0.616721 6.38658 3.71485
429.5 -0.359505 -0.61064 6.4102 -3.87337
430 -0.702885 0.0393847 -0.41667 -7.52671
430.5 -0.290318 0.647327 -6.78827 -3.14342
431 0.432965 0.574143 -5.9401 4.37992
431.5 0.717639 -0.0873396 0.898261 7.28551
432 0.279769 -0.660311 6.84924 2.803
432.5 -0.441261 -0.553051 5.81459 -4.73883
433 -0.690263 0.139153 -1.47061 -7.39165
433.5 -0.19712 0.682804 -7.14779 -2.16255
434 0.507948 0.510424 -5.27356 5.1483
434.5 0.699006 -0.183508 1.88849 7.09618
435 0.185934 -0.691318 7.1834 1.83296
435.5 -0.51426 -0.48449 5.10074 -5.51387
436 -0.663748 0.236121 -2.49383 -7.10808
436.5 -0.100062 0.704914 -7.36584 -1.14469
437 0.57337 0.437097 -4.51055 5.81696
437.5 0.667357 -0.276259 2.84487 6.77434
438 0.0885379 -0.709082 7.38137 0.822537
438.5 -0.577013 -0.406277 4.28233 -6.18184
439 -0.623895 0.328345 -3.46509 -6.68234
439.5 -0.00105301 0.713299 -7.43967 -0.110164
440 0.62804 0.355572 -3.66563 6.37447
440.5 0.623259 -0.363856 3.75011 6.32533
441 -0.0105612 -0.71319 7.43787 -0.209332
441.5 -0.628229 -0.319942 3.37551 -6.72821
442 -0.571531 0.413985 -4.36447 -6.1239
442.5 0.0979783 0.707872 -7.36943 0.92077
443 0.670969 0.267398 -2.75455 6.81143
443.5 0.567508 -0.44465 4.58761 5.75664
444 -0.109454 -0.703485 7.35024 -1.24287
444.5 -0.666846 -0.227192 2.39859 -7.1409
445 -0.50774 0.491351 -5.17381 -5.44505
445.5 0.195125 0.688812 -7.15804 1.92839
446 0.701383 0.174236 -1.79401 7.12056
446.5 0.501114 -0.517103 5.34173 5.07788
447 -0.206214 -0.680081 7.1186 -2.25783
447.5 -0.692062 -0.129876 1.37162 -7.41072
448 -0.433833 0.558928 -5.87717 -4.66057
448.5 0.288536 0.65656 -6.81104 2.89382
449 0.718737 0.0778282 -0.801373 7.29676
449.5 0.425288 -0.579821 5.99806 4.30066
450 -0.298934 -0.643362 6.74597 -3.23389
450.5 -0.703349 -0.0299469 0.315949 -7.53163
451 -0.351317 0.615419 -6.46111 -3.78728
451.5 0.376451 0.611796 -6.33633 3.79938
452 0.722721 -0.0200273 0.20556 7.33714
452.5 0.341424 -0.631578 6.54366 3.43852
453 -0.385769 -0.59398 6.23835 -4.1511
453.5 -0.70047 0.0705857 -0.746372 -7.50088
454 -0.261863 0.659757 -6.91496 -2.84358
454.5 0.45723 0.555432 -5.74398 4.62882
455 0.713264 -0.11751 1.20879 7.24105
455.5 0.251077 -0.67134 6.96731 2.50674
456 -0.464973 -0.532851 5.60466 -4.99034
456.5 -0.683486 0.169697 -1.7931 -7.31915
457 -0.167261 0.691132 -7.23097 -1.84903
457.5 0.529379 0.488583 -5.04594 5.36754
458 0.690535 -0.212807 2.19039 7.01006
458.5 0.155939 -0.698289 7.25983 1.52217
459 -0.534938 -0.461136 4.85671 -5.73378
459.5 -0.65275 0.265395 -2.80241 -6.99054
460 -0.0693884 0.708999 -7.40432 -0.823778
460.5 0.591577 0.412547 -4.25582 6.00277
461 0.654942 -0.304139 3.1327 6.64799
461.5 0.0578105 -0.711838 7.41425 0.502994
462 -0.594232 -0.380224 4.00896 -6.3654
462.5 -0.608905 0.355764 -3.75339 -6.52237
463 0.0298352 0.713085 -7.4332 0.211799
463.5 0.642692 0.32878 -3.38857 6.5237
464 0.607124 -0.389793 4.01861 6.16085
464.5 -0.0414314 -0.711654 7.42608 -0.531547
465 -0.641632 -0.291702 3.07828 -6.87136
465.5 -0.552859 0.439006 -4.62663 -5.92503
466 0.128484 0.703386 -7.31862 1.23758
466.5 0.6818 0.238871 -2.46027 6.92158
467 0.547944 -0.468151 4.83181 5.55679
467.5 -0.139868 -0.697663 7.29352 -1.56149
468 -0.676155 -0.197327 2.08357 -7.24047
468.5 -0.48577 0.51348 -5.40462 -5.21164
469 0.224665 0.680164 -7.06433 2.23406
469.5 0.7082 0.144508 -1.48785 7.1898
470 0.478477 -0.537719 5.55699 4.84605
470.5 -0.235574 -0.670064 7.01756 -2.56653
471 -0.697082 -0.0989849 1.04533 -7.46448
471.5 -0.409015 0.577739 -6.07216 -4.39764
472 0.316551 0.643935 -6.67665 3.18272
472.5 0.721417 0.0474551 -0.488828 7.32396
473 0.399992 -0.597151 6.18019 4.04088
473.5 -0.326659 -0.629323 6.60216 -3.5264
474 -0.703974 0.00135019 -0.0148011 -7.53835
474.5 -0.324154 0.630553 -6.61666 -3.5004
475 0.402417 0.595455 -6.16416 4.06628
475.5 0.721216 -0.050481 0.518895 7.32184
476 0.313937 -0.645278 6.68896 3.15535
476.5 -0.411302 -0.576177 6.05423 -4.42136
477 -0.696688 0.101658 -1.07466 -7.46041
477.5 -0.232901 0.670934 -7.02834 -2.53874
478 0.480665 0.535699 -5.53756 4.869
478.5 0.7076 -0.147478 1.51732 7.1835
479 0.221911 -0.681131 7.07271 2.20527
479.5 -0.487797 -0.511619 5.38361 -5.23264
480 -0.675374 0.19992 -2.11207 -7.2324
480.5 -0.137076 0.698153 -7.30035 -1.53243
481 0.549852 0.465844 -4.80934 5.57681
481.5 0.680815 -0.24173 2.48857 6.91122
482 0.125645 -0.703963 7.3229 1.20793
482.5 -0.554588 -0.436884 4.60294 -5.94292
483 -0.640479 0.294162 -3.10543 -6.85944
483.5 -0.0385749 0.71175 -7.42882 -0.501773
484 0.608715 0.387239 -3.99354 6.17755
484.5 0.641339 -0.331476 3.41515 6.50948
485 0.0269661 -0.713263 7.43332 0.181868
485.5 -0.610302 -0.353425 3.72748 -6.53682
486 -0.592727 0.382501 -4.03424 -6.34984
486.5 0.0606769 0.711535 -7.41282 0.532909
487 0.656184 0.301385 -3.10552 6.66104
487.5 0.589882 -0.415029 4.28015 5.98498
488 -0.0722326 -0.708779 7.4003 -0.853411
488.5 -0.653791 -0.262886 2.77476 -7.00129
489 -0.533111 0.463183 -4.87964 -5.71487
489.5 0.15876 0.697589 -7.25425 1.55164
490 0.691403 0.209904 -2.16163 7.01919
490.5 0.527377 -0.490807 5.06754 5.34653
491 -0.170026 -0.690521 7.22288 -1.8778
491.5 -0.684149 -0.167069 1.76424 -7.326
492 -0.462857 0.534626 -5.62479 -4.96841
492.5 0.253797 0.670253 -6.95767 2.5352
493 0.713741 0.114511 -1.17901 7.24606
493.5 0.454958 -0.557358 5.76243 4.60501
494 -0.264495 -0.65877 6.90298 -2.87094
494.5 -0.700743 -0.0678912 0.716827 -7.50369
495 -0.383403 0.595446 -6.25529 -4.12656
495.5 0.343991 0.63012 -6.53012 3.4654
496 0.722797 0.0169875 -0.175348 7.33794
496.5 0.373954 -0.613389 6.35128 3.77323
497 -0.353767 -0.614078 6.44546 -3.8127
497.5 -0.703225 0.0326539 -0.345622 -7.53035
498 -0.296363 0.644486 -6.75938 -3.20719
498.5 0.427652 0.578016 -5.98088 4.32543
499 0.71841 -0.0808527 0.831421 7.29333
499.5 0.285863 -0.657792 6.82219 2.86585
500 -0.436053 -0.557262 5.85816 -4.68358
500.5 -0.691544 0.132542 -1.40087 -7.40538
501 -0.203487 0.680838 -7.1282 -2.22947
501.5 0.503228 0.514982 -5.32122 5.10005
502 0.700659 -0.177189 1.8233 7.11295
502.5 0.192327 -0.689663 7.16519 1.89914
503 -0.509688 -0.489394 5.15182 -5.46522
503.5 -0.665943 0.229762 -2.42686 -7.13157
504 -0.106623 0.703856 -7.35583 -1.21338
504.5 0.56933 0.44225 -4.56417 5.77576
505 0.669861 -0.270225 2.78251 6.79979
505.5 0.0951092 -0.708327 7.37244 0.890816
506 -0.573169 -0.411778 4.3399 -6.14084
506.5 -0.626957 0.322365 -3.40228 -6.71505
507 -0.00767946 0.713163 -7.43932 -0.179283
507.5 0.624753 0.361222 -3.72418 6.34101
508 0.62657 -0.358221 3.6917 6.35903
508.5 -0.00393768 -0.713353 7.43849 -0.140245
509 -0.625192 -0.325932 3.43842 -6.69575
509.5 -0.575395 0.408503 -4.30708 -6.1651
510 0.0914144 0.708654 -7.37862 0.852567
510.5 0.668492 0.273437 -2.81696 6.78626
