0 1 0 0 6.283
0.5 -0.999889 -0.000259865 0.00163292 -6.28369
1 1 0.000519556 -0.00326457 6.283
1.5 -0.999889 -0.000779377 0.00489753 -6.28369
2 1 0.00103888 -0.0065277 6.283
2.5 -0.999889 -0.00129866 0.0081607 -6.28369
3 0.999999 0.00155798 -0.00978938 6.28299
3.5 -0.999888 -0.00181771 0.0114224 -6.28368
4 0.999998 0.00207684 -0.0130496 6.28299
4.5 -0.999887 -0.00233653 0.0146827 -6.28368
5 0.999997 0.00259548 -0.0163084 6.28298
5.5 -0.999886 -0.00285513 0.0179415 -6.28367
6 0.999995 0.00311389 -0.0195658 6.28297
6.5 -0.999884 -0.00337349 0.0211989 -6.28366
7 0.999994 0.00363206 -0.0228216 6.28296
7.5 -0.999882 -0.00389162 0.0244549 -6.28365
8 0.999992 0.00415001 -0.0260761 6.28295
8.5 -0.99988 -0.00440952 0.0277093 -6.28363
9 0.999989 0.00466772 -0.0293291 6.28293
9.5 -0.999878 -0.00492719 0.0309624 -6.28362
10 0.999987 0.0051852 -0.0325806 6.28291
10.5 -0.999875 -0.00544463 0.034214 -6.2836
11 0.999984 0.00570246 -0.0358307 6.2829
11.5 -0.999872 -0.00596184 0.0374641 -6.28358
12 0.999981 0.00621948 -0.0390794 6.28288
12.5 -0.999869 -0.00647881 0.0407128 -6.28356
13 0.999978 0.00673627 -0.0423266 6.28286
13.5 -0.999865 -0.00699556 0.04396 -6.28354
14 0.999974 0.00725283 -0.0455723 6.28283
14.5 -0.999862 -0.00751207 0.0472058 -6.28352
15 0.99997 0.00776915 -0.0488166 6.28281
15.5 -0.999858 -0.00802835 0.0504501 -6.28349
16 0.999966 0.00828525 -0.0520594 6.28278
16.5 -0.999853 -0.00854441 0.0536929 -6.28346
17 0.999962 0.00880111 -0.0553008 6.28276
17.5 -0.999849 -0.00906022 0.0569343 -6.28344
18 0.999957 0.00931675 -0.0585407 6.28273
18.5 -0.999844 -0.00957581 0.0601743 -6.28341
19 0.999952 0.00983215 -0.0617792 6.28269
19.5 -0.999839 -0.0100912 0.0634128 -6.28337
20 0.999947 0.0103473 -0.0650162 6.28266
20.5 -0.999834 -0.0106063 0.0666498 -6.28334
21 0.999942 0.0108623 -0.0682517 6.28263
21.5 -0.999828 -0.0111212 0.0698854 -6.2833
22 0.999936 0.011377 -0.0714858 6.28259
22.5 -0.999822 -0.0116358 0.0731195 -6.28327
23 0.99993 0.0118914 -0.0747184 6.28255
23.5 -0.999816 -0.0121503 0.0763521 -6.28323
24 0.999924 0.0124057 -0.0779495 6.28251
24.5 -0.99981 -0.0126645 0.0795833 -6.28319
25 0.999917 0.0129197 -0.0811792 6.28247
25.5 -0.999803 -0.0131784 0.082813 -6.28315
26 0.99991 0.0134334 -0.0844075 6.28243
26.5 -0.999796 -0.0136921 0.0860413 -6.2831
27 0.999903 0.013947 -0.0876342 6.28239
27.5 -0.999789 -0.0142056 0.089268 -6.28306
28 0.999896 0.0144603 -0.0908595 6.28234
28.5 -0.999782 -0.0147189 0.0924934 -6.28301
29 0.999889 0.0149734 -0.0940833 6.28229
29.5 -0.999774 -0.0152319 0.0957172 -6.28296
30 0.999881 0.0154862 -0.0973057 6.28224
30.5 -0.999766 -0.0157447 0.0989396 -6.28291
31 0.999873 0.0159988 -0.100527 6.28219
31.5 -0.999758 -0.0162573 0.102161 -6.28286
32 0.999864 0.0165112 -0.103746 6.28214
32.5 -0.99975 -0.0167696 0.10538 -6.28281
33 0.999856 0.0170233 -0.106964 6.28209
33.5 -0.999741 -0.0172817 0.108598 -6.28275
34 0.999847 0.0175352 -0.11018 6.28203
34.5 -0.999732 -0.0177935 0.111814 -6.2827
35 0.999838 0.0180469 -0.113395 6.28197
35.5 -0.999723 -0.0183052 0.115029 -6.28264
36 0.999829 0.0185583 -0.116609 6.28192
36.5 -0.999713 -0.0188166 0.118243 -6.28258
37 0.999819 0.0190695 -0.119821 6.28185
37.5 -0.999704 -0.0193277 0.121455 -6.28252
38 0.999809 0.0195805 -0.123032 6.28179
38.5 -0.999694 -0.0198386 0.124666 -6.28245
39 0.999799 0.0200912 -0.126241 6.28173
39.5 -0.999683 -0.0203493 0.127875 -6.28239
40 0.999789 0.0206017 -0.129448 6.28166
40.5 -0.999673 -0.0208598 0.131083 -6.28232
41 0.999778 0.021112 -0.132655 6.2816
41.5 -0.999662 -0.02137 0.134289 -6.28226
42 0.999767 0.021622 -0.135859 6.28153
42.5 -0.999651 -0.02188 0.137493 -6.28219
43 0.999756 0.0221318 -0.139063 6.28146
43.5 -0.99964 -0.0223897 0.140697 -6.28212
44 0.999745 0.0226414 -0.142264 6.28139
44.5 -0.999628 -0.0228992 0.143898 -6.28204
45 0.999733 0.0231507 -0.145465 6.28131
45.5 -0.999617 -0.0234085 0.147099 -6.28197
46 0.999721 0.0236598 -0.148663 6.28124
46.5 -0.999604 -0.0239175 0.150297 -6.28189
47 0.999709 0.0241686 -0.151861 6.28116
47.5 -0.999592 -0.0244263 0.153495 -6.28182
48 0.999697 0.0246772 -0.155056 6.28108
48.5 -0.99958 -0.0249349 0.156691 -6.28174
49 0.999684 0.0251856 -0.158251 6.281
49.5 -0.999567 -0.0254432 0.159885 -6.28166
50 0.999671 0.0256938 -0.161444 6.28092
50.5 -0.999554 -0.0259513 0.163078 -6.28157
51 0.999658 0.0262017 -0.164635 6.28084
51.5 -0.999541 -0.0264592 0.166269 -6.28149
52 0.999644 0.0267093 -0.167825 6.28075
52.5 -0.999527 -0.0269668 0.169459 -6.28141
53 0.999631 0.0272168 -0.171013 6.28067
53.5 -0.999513 -0.0274742 0.172647 -6.28132
54 0.999617 0.027724 -0.1742 6.28058
54.5 -0.999499 -0.0279813 0.175834 -6.28123
55 0.999603 0.0282309 -0.177386 6.28049
55.5 -0.999485 -0.0284883 0.17902 -6.28114
56 0.999588 0.0287377 -0.180569 6.2804
56.5 -0.99947 -0.0289949 0.182204 -6.28105
57 0.999574 0.0292441 -0.183752 6.28031
57.5 -0.999456 -0.0295014 0.185386 -6.28095
58 0.999559 0.0297504 -0.186933 6.28021
58.5 -0.999441 -0.0300076 0.188567 -6.28086
59 0.999544 0.0302564 -0.190112 6.28012
59.5 -0.999425 -0.0305135 0.191747 -6.28076
60 0.999528 0.0307622 -0.19329 6.28002
60.5 -0.99941 -0.0310193 0.194925 -6.28067
61 0.999512 0.0312677 -0.196467 6.27992
61.5 -0.999394 -0.0315248 0.198101 -6.28057
62 0.999497 0.031773 -0.199642 6.27982
62.5 -0.999378 -0.03203 0.201276 -6.28047
63 0.99948 0.0322781 -0.202815 6.27972
63.5 -0.999362 -0.032535 0.20445 -6.28036
64 0.999464 0.0327829 -0.205987 6.27962
64.5 -0.999345 -0.0330398 0.207622 -6.28026
65 0.999447 0.0332875 -0.209158 6.27951
65.5 -0.999328 -0.0335443 0.210792 -6.28015
66 0.99943 0.0337919 -0.212327 6.27941
66.5 -0.999311 -0.0340486 0.213961 -6.28005
67 0.999413 0.034296 -0.215494 6.2793
67.5 -0.999294 -0.0345527 0.217129 -6.27994
68 0.999396 0.0347998 -0.21866 6.27919
68.5 -0.999276 -0.0350565 0.220295 -6.27983
69 0.999378 0.0353035 -0.221825 6.27908
69.5 -0.999259 -0.0355601 0.223459 -6.27971
70 0.99936 0.0358069 -0.224988 6.27897
70.5 -0.999241 -0.0360635 0.226622 -6.2796
71 0.999342 0.03631 -0.22815 6.27885
71.5 -0.999222 -0.0365666 0.229784 -6.27949
72 0.999324 0.036813 -0.23131 6.27874
72.5 -0.999204 -0.0370694 0.232944 -6.27937
73 0.999305 0.0373156 -0.234468 6.27862
73.5 -0.999185 -0.0375721 0.236102 -6.27925
74 0.999286 0.0378181 -0.237625 6.2785
74.5 -0.999166 -0.0380745 0.239259 -6.27913
75 0.999267 0.0383203 -0.240781 6.27838
75.5 -0.999147 -0.0385766 0.242415 -6.27901
76 0.999248 0.0388223 -0.243935 6.27826
76.5 -0.999127 -0.0390785 0.245569 -6.27889
77 0.999228 0.039324 -0.247087 6.27813
77.5 -0.999108 -0.0395802 0.248721 -6.27876
78 0.999208 0.0398255 -0.250238 6.27801
78.5 -0.999088 -0.0400816 0.251872 -6.27864
79 0.999188 0.0403267 -0.253388 6.27788
79.5 -0.999068 -0.0405828 0.255022 -6.27851
80 0.999168 0.0408277 -0.256536 6.27775
80.5 -0.999047 -0.0410838 0.25817 -6.27838
81 0.999148 0.0413285 -0.259682 6.27763
81.5 -0.999026 -0.0415845 0.261316 -6.27825
82 0.999127 0.041829 -0.262827 6.27749
82.5 -0.999005 -0.042085 0.264461 -6.27812
83 0.999106 0.0423293 -0.265971 6.27736
83.5 -0.998984 -0.0425852 0.267605 -6.27799
84 0.999084 0.0428294 -0.269113 6.27723
84.5 -0.998963 -0.0430852 0.270747 -6.27785
85 0.999063 0.0433292 -0.272253 6.27709
85.5 -0.998941 -0.043585 0.273887 -6.27772
86 0.999041 0.0438287 -0.275392 6.27696
86.5 -0.998919 -0.0440845 0.277026 -6.27758
87 0.999019 0.0443281 -0.27853 6.27682
87.5 -0.998897 -0.0445838 0.280163 -6.27744
88 0.998997 0.0448272 -0.281666 6.27668
88.5 -0.998875 -0.0450828 0.283299 -6.2773
89 0.998974 0.045326 -0.2848 6.27654
89.5 -0.998852 -0.0455816 0.286434 -6.27716
90 0.998952 0.0458246 -0.287933 6.27639
90.5 -0.998829 -0.0460802 0.289567 -6.27701
91 0.998929 0.046323 -0.291064 6.27625
91.5 -0.998806 -0.0465785 0.292698 -6.27687
92 0.998905 0.0468211 -0.294194 6.2761
92.5 -0.998783 -0.0470766 0.295828 -6.27672
93 0.998882 0.047319 -0.297323 6.27595
93.5 -0.998759 -0.0475744 0.298956 -6.27657
94 0.998858 0.0478166 -0.300449 6.27581
94.5 -0.998736 -0.048072 0.302083 -6.27642
95 0.998834 0.048314 -0.303575 6.27566
95.5 -0.998712 -0.0485693 0.305209 -6.27627
96 0.99881 0.0488112 -0.306699 6.2755
96.5 -0.998687 -0.0490664 0.308332 -6.27612
97 0.998786 0.0493081 -0.309821 6.27535
97.5 -0.998663 -0.0495633 0.311455 -6.27596
98 0.998761 0.0498048 -0.312942 6.27519
98.5 -0.998638 -0.0500599 0.314575 -6.27581
99 0.998736 0.0503012 -0.316061 6.27504
99.5 -0.998613 -0.0505563 0.317695 -6.27565
100 0.998711 0.0507974 -0.319179 6.27488
100.5 -0.998588 -0.0510525 0.320812 -6.27549
101 0.998686 0.0512934 -0.322295 6.27472
101.5 -0.998562 -0.0515484 0.323929 -6.27533
102 0.99866 0.0517891 -0.32541 6.27456
102.5 -0.998537 -0.052044 0.327043 -6.27517
103 0.998635 0.0522846 -0.328523 6.2744
103.5 -0.998511 -0.0525394 0.330156 -6.27501
104 0.998609 0.0527798 -0.331635 6.27423
104.5 -0.998485 -0.0530346 0.333268 -6.27484
105 0.998582 0.0532748 -0.334745 6.27407
105.5 -0.998458 -0.0535295 0.336378 -6.27468
106 0.998556 0.0537695 -0.337853 6.2739
106.5 -0.998432 -0.0540242 0.339487 -6.27451
107 0.998529 0.054264 -0.340961 6.27373
107.5 -0.998405 -0.0545187 0.342594 -6.27434
108 0.998502 0.0547583 -0.344066 6.27356
108.5 -0.998378 -0.0550129 0.345699 -6.27417
109 0.998475 0.0552523 -0.34717 6.27339
109.5 -0.99835 -0.0555068 0.348803 -6.274
110 0.998448 0.0557461 -0.350273 6.27322
110.5 -0.998323 -0.0560006 0.351906 -6.27382
111 0.99842 0.0562396 -0.353374 6.27305
111.5 -0.998295 -0.056494 0.355007 -6.27365
112 0.998392 0.0567329 -0.356473 6.27287
112.5 -0.998267 -0.0569873 0.358106 -6.27347
113 0.998364 0.0572259 -0.359571 6.27269
113.5 -0.998239 -0.0574803 0.361204 -6.2733
114 0.998336 0.0577187 -0.362668 6.27252
114.5 -0.99821 -0.057973 0.364301 -6.27312
115 0.998307 0.0582113 -0.365763 6.27234
115.5 -0.998182 -0.0584655 0.367396 -6.27294
116 0.998278 0.0587036 -0.368856 6.27216
116.5 -0.998153 -0.0589578 0.370489 -6.27275
117 0.998249 0.0591957 -0.371948 6.27197
117.5 -0.998124 -0.0594498 0.373581 -6.27257
118 0.99822 0.0596875 -0.375038 6.27179
118.5 -0.998094 -0.0599416 0.376671 -6.27239
119 0.99819 0.0601791 -0.378127 6.2716
119.5 -0.998065 -0.0604331 0.37976 -6.2722
120 0.998161 0.0606704 -0.381214 6.27142
120.5 -0.998035 -0.0609244 0.382847 -6.27201
121 0.998131 0.0611615 -0.3843 6.27123
121.5 -0.998005 -0.0614154 0.385933 -6.27182
122 0.998101 0.0616524 -0.387384 6.27104
122.5 -0.997974 -0.0619062 0.389017 -6.27163
123 0.99807 0.062143 -0.390467 6.27085
123.5 -0.997944 -0.0623968 0.392099 -6.27144
124 0.998039 0.0626333 -0.393548 6.27065
124.5 -0.997913 -0.0628871 0.39518 -6.27125
125 0.998009 0.0631234 -0.396627 6.27046
125.5 -0.997882 -0.0633771 0.39826 -6.27105
126 0.997978 0.0636133 -0.399706 6.27026
126.5 -0.997851 -0.063867 0.401338 -6.27085
127 0.997946 0.0641029 -0.402782 6.27007
127.5 -0.997819 -0.0643565 0.404414 -6.27066
128 0.997915 0.0645923 -0.405857 6.26987
128.5 -0.997788 -0.0648459 0.407489 -6.27046
129 0.997883 0.0650815 -0.40893 6.26967
129.5 -0.997756 -0.065335 0.410563 -6.27026
130 0.997851 0.0655704 -0.412002 6.26947
130.5 -0.997724 -0.0658238 0.413635 -6.27005
131 0.997819 0.066059 -0.415073 6.26927
131.5 -0.997691 -0.0663124 0.416705 -6.26985
132 0.997786 0.0665474 -0.418142 6.26906
132.5 -0.997659 -0.0668008 0.419774 -6.26965
133 0.997754 0.0670356 -0.421209 6.26886
133.5 -0.997626 -0.0672889 0.422841 -6.26944
134 0.997721 0.0675235 -0.424275 6.26865
134.5 -0.997593 -0.0677767 0.425907 -6.26923
135 0.997688 0.0680112 -0.427339 6.26844
135.5 -0.99756 -0.0682643 0.428971 -6.26902
136 0.997654 0.0684986 -0.430401 6.26823
136.5 -0.997526 -0.0687517 0.432033 -6.26881
137 0.997621 0.0689858 -0.433463 6.26802
137.5 -0.997493 -0.0692388 0.435094 -6.2686
138 0.997587 0.0694727 -0.436522 6.26781
138.5 -0.997459 -0.0697257 0.438154 -6.26839
139 0.997553 0.0699594 -0.43958 6.26759
139.5 -0.997425 -0.0702123 0.441212 -6.26817
140 0.997519 0.0704459 -0.442637 6.26738
140.5 -0.99739 -0.0706987 0.444268 -6.26796
141 0.997484 0.0709321 -0.445692 6.26716
141.5 -0.997356 -0.0711849 0.447323 -6.26774
142 0.99745 0.071418 -0.448745 6.26694
142.5 -0.997321 -0.0716708 0.450377 -6.26752
143 0.997415 0.0719037 -0.451797 6.26673
143.5 -0.997286 -0.0721564 0.453428 -6.2673
144 0.99738 0.0723892 -0.454847 6.2665
144.5 -0.997251 -0.0726418 0.456479 -6.26708
145 0.997344 0.0728744 -0.457896 6.26628
145.5 -0.997216 -0.073127 0.459527 -6.26686
146 0.997309 0.0733594 -0.460943 6.26606
146.5 -0.99718 -0.0736119 0.462575 -6.26663
147 0.997273 0.0738441 -0.463989 6.26583
147.5 -0.997144 -0.0740966 0.46562 -6.26641
148 0.997237 0.0743286 -0.467033 6.26561
148.5 -0.997108 -0.074581 0.468664 -6.26618
149 0.997201 0.0748128 -0.470076 6.26538
149.5 -0.997072 -0.0750652 0.471707 -6.26595
150 0.997165 0.0752968 -0.473117 6.26515
150.5 -0.997035 -0.0755491 0.474748 -6.26572
151 0.997128 0.0757805 -0.476156 6.26492
151.5 -0.996998 -0.0760328 0.477787 -6.26549
152 0.997091 0.076264 -0.479194 6.26469
152.5 -0.996961 -0.0765162 0.480825 -6.26526
153 0.997054 0.0767473 -0.48223 6.26446
153.5 -0.996924 -0.0769994 0.483861 -6.26502
154 0.997017 0.0772303 -0.485265 6.26422
154.5 -0.996887 -0.0774823 0.486896 -6.26479
155 0.996979 0.077713 -0.488298 6.26399
155.5 -0.996849 -0.077965 0.489929 -6.26455
156 0.996942 0.0781955 -0.49133 6.26375
156.5 -0.996811 -0.0784475 0.492961 -6.26431
157 0.996904 0.0786778 -0.49436 6.26351
157.5 -0.996773 -0.0789297 0.495991 -6.26408
158 0.996866 0.0791598 -0.497389 6.26327
158.5 -0.996735 -0.0794116 0.499019 -6.26384
159 0.996827 0.0796415 -0.500416 6.26303
159.5 -0.996697 -0.0798933 0.502046 -6.26359
160 0.996789 0.080123 -0.503442 6.26279
160.5 -0.996658 -0.0803748 0.505072 -6.26335
161 0.99675 0.0806043 -0.506465 6.26254
161.5 -0.996619 -0.080856 0.508096 -6.26311
162 0.996711 0.0810853 -0.509488 6.2623
162.5 -0.99658 -0.0813369 0.511118 -6.26286
163 0.996672 0.0815661 -0.512509 6.26205
163.5 -0.996541 -0.0818177 0.514139 -6.26261
164 0.996632 0.0820466 -0.515528 6.2618
164.5 -0.996501 -0.0822981 0.517158 -6.26236
165 0.996593 0.0825269 -0.518546 6.26155
165.5 -0.996461 -0.0827783 0.520176 -6.26211
166 0.996553 0.0830069 -0.521562 6.2613
166.5 -0.996421 -0.0832583 0.523192 -6.26186
167 0.996513 0.0834867 -0.524576 6.26105
167.5 -0.996381 -0.083738 0.526206 -6.26161
168 0.996472 0.0839662 -0.52759 6.2608
168.5 -0.996341 -0.0842175 0.529219 -6.26135
169 0.996432 0.0844455 -0.530601 6.26054
169.5 -0.9963 -0.0846967 0.532231 -6.2611
170 0.996391 0.0849245 -0.533611 6.26029
170.5 -0.996259 -0.0851757 0.535241 -6.26084
171 0.99635 0.0854033 -0.536619 6.26003
171.5 -0.996218 -0.0856544 0.538249 -6.26058
172 0.996309 0.0858819 -0.539626 6.25977
172.5 -0.996177 -0.0861329 0.541256 -6.26033
173 0.996268 0.0863602 -0.542631 6.25951
173.5 -0.996136 -0.0866111 0.544261 -6.26006
174 0.996226 0.0868382 -0.545635 6.25925
174.5 -0.996094 -0.0870891 0.547264 -6.2598
175 0.996185 0.087316 -0.548637 6.25899
175.5 -0.996052 -0.0875669 0.550266 -6.25954
176 0.996143 0.0877935 -0.551638 6.25872
176.5 -0.99601 -0.0880443 0.553267 -6.25928
177 0.996101 0.0882708 -0.554637 6.25846
177.5 -0.995968 -0.0885216 0.556266 -6.25901
178 0.996058 0.0887479 -0.557634 6.25819
178.5 -0.995925 -0.0889986 0.559263 -6.25874
179 0.996016 0.0892247 -0.56063 6.25793
179.5 -0.995883 -0.0894753 0.562259 -6.25847
180 0.995973 0.0897012 -0.563624 6.25766
180.5 -0.99584 -0.0899518 0.565253 -6.2582
181 0.99593 0.0901775 -0.566617 6.25739
181.5 -0.995797 -0.090428 0.568246 -6.25793
182 0.995887 0.0906536 -0.569608 6.25711
182.5 -0.995753 -0.090904 0.571237 -6.25766
183 0.995843 0.0911294 -0.572598 6.25684
183.5 -0.99571 -0.0913798 0.574226 -6.25739
184 0.9958 0.0916049 -0.575586 6.25657
184.5 -0.995666 -0.0918553 0.577214 -6.25711
185 0.995756 0.0920802 -0.578572 6.25629
185.5 -0.995622 -0.0923305 0.580201 -6.25684
186 0.995712 0.0925553 -0.581557 6.25602
186.5 -0.995578 -0.0928055 0.583185 -6.25656
187 0.995668 0.0930301 -0.58454 6.25574
187.5 -0.995534 -0.0932802 0.586169 -6.25628
188 0.995623 0.0935046 -0.587522 6.25546
188.5 -0.995489 -0.0937547 0.58915 -6.256
189 0.995579 0.0939789 -0.590502 6.25518
189.5 -0.995444 -0.094229 0.59213 -6.25572
190 0.995534 0.094453 -0.593481 6.25489
190.5 -0.995399 -0.094703 0.595109 -6.25543
191 0.995489 0.0949268 -0.596458 6.25461
191.5 -0.995354 -0.0951767 0.598086 -6.25515
192 0.995443 0.0954003 -0.599434 6.25433
192.5 -0.995309 -0.0956502 0.601061 -6.25486
193 0.995398 0.0958736 -0.602407 6.25404
193.5 -0.995263 -0.0961234 0.604035 -6.25458
194 0.995352 0.0963467 -0.60538 6.25375
194.5 -0.995218 -0.0965964 0.607007 -6.25429
195 0.995306 0.0968195 -0.608351 6.25347
195.5 -0.995172 -0.0970692 0.609978 -6.254
196 0.99526 0.097292 -0.61132 6.25318
196.5 -0.995125 -0.0975417 0.612947 -6.25371
197 0.995214 0.0977643 -0.614287 6.25289
197.5 -0.995079 -0.0980139 0.615915 -6.25342
198 0.995168 0.0982364 -0.617253 6.25259
198.5 -0.995033 -0.0984859 0.61888 -6.25313
199 0.995121 0.0987082 -0.620218 6.2523
199.5 -0.994986 -0.0989576 0.621845 -6.25283
200 0.995074 0.0991797 -0.623181 6.25201
200.5 -0.994939 -0.0994291 0.624808 -6.25254
201 0.995027 0.099651 -0.626142 6.25171
201.5 -0.994892 -0.0999004 0.627769 -6.25224
202 0.99498 0.100122 -0.629102 6.25141
202.5 -0.994844 -0.100371 0.630728 -6.25194
203 0.994932 0.100593 -0.63206 6.25111
203.5 -0.994797 -0.100842 0.633687 -6.25164
204 0.994885 0.101063 -0.635017 6.25081
204.5 -0.994749 -0.101313 0.636643 -6.25134
205 0.994837 0.101534 -0.637972 6.25051
205.5 -0.994701 -0.101783 0.639598 -6.25104
206 0.994789 0.102004 -0.640925 6.25021
206.5 -0.994653 -0.102253 0.642551 -6.25074
207 0.99474 0.102474 -0.643877 6.24991
207.5 -0.994604 -0.102723 0.645503 -6.25043
208 0.994692 0.102943 -0.646827 6.2496
208.5 -0.994556 -0.103192 0.648453 -6.25013
209 0.994643 0.103412 -0.649776 6.2493
209.5 -0.994507 -0.103661 0.651402 -6.24982
210 0.994594 0.103881 -0.652723 6.24899
210.5 -0.994458 -0.10413 0.654349 -6.24951
211 0.994545 0.10435 -0.655669 6.24868
211.5 -0.994409 -0.104599 0.657294 -6.2492
212 0.994496 0.104819 -0.658612 6.24837
212.5 -0.99436 -0.105067 0.660238 -6.24889
213 0.994447 0.105287 -0.661555 6.24806
213.5 -0.99431 -0.105536 0.66318 -6.24858
214 0.994397 0.105755 -0.664496 6.24775
214.5 -0.99426 -0.106004 0.666121 -6.24827
215 0.994347 0.106223 -0.667435 6.24744
215.5 -0.99421 -0.106471 0.66906 -6.24795
216 0.994297 0.10669 -0.670373 6.24712
216.5 -0.99416 -0.106939 0.671998 -6.24764
217 0.994247 0.107158 -0.673309 6.2468
217.5 -0.99411 -0.107406 0.674934 -6.24732
218 0.994197 0.107625 -0.676243 6.24649
218.5 -0.994059 -0.107873 0.677868 -6.24701
219 0.994146 0.108091 -0.679176 6.24617
219.5 -0.994009 -0.10834 0.680801 -6.24669
220 0.994095 0.108558 -0.682107 6.24585
220.5 -0.993958 -0.108806 0.683732 -6.24637
221 0.994044 0.109024 -0.685037 6.24553
221.5 -0.993906 -0.109272 0.686661 -6.24604
222 0.993993 0.10949 -0.687965 6.24521
222.5 -0.993855 -0.109738 0.689589 -6.24572
223 0.993941 0.109956 -0.690892 6.24488
223.5 -0.993804 -0.110204 0.692516 -6.2454
224 0.99389 0.110422 -0.693817 6.24456
224.5 -0.993752 -0.110669 0.695441 -6.24507
225 0.993838 0.110887 -0.69674 6.24423
225.5 -0.9937 -0.111135 0.698364 -6.24475
226 0.993786 0.111352 -0.699662 6.24391
226.5 -0.993648 -0.1116 0.701286 -6.24442
227 0.993734 0.111817 -0.702582 6.24358
227.5 -0.993596 -0.112064 0.704206 -6.24409
228 0.993682 0.112281 -0.705501 6.24325
228.5 -0.993543 -0.112529 0.707124 -6.24376
229 0.993629 0.112745 -0.708418 6.24292
229.5 -0.993491 -0.112993 0.710041 -6.24343
230 0.993576 0.113209 -0.711333 6.24259
230.5 -0.993438 -0.113457 0.712957 -6.2431
231 0.993523 0.113673 -0.714247 6.24226
231.5 -0.993385 -0.113921 0.71587 -6.24276
232 0.99347 0.114137 -0.717159 6.24192
232.5 -0.993331 -0.114384 0.718782 -6.24243
233 0.993417 0.1146 -0.72007 6.24159
233.5 -0.993278 -0.114847 0.721693 -6.24209
234 0.993363 0.115063 -0.722979 6.24125
234.5 -0.993224 -0.11531 0.724602 -6.24176
235 0.99331 0.115526 -0.725886 6.24091
235.5 -0.993171 -0.115773 0.727509 -6.24142
236 0.993256 0.115988 -0.728792 6.24057
236.5 -0.993117 -0.116235 0.730415 -6.24108
237 0.993202 0.11645 -0.731697 6.24023
237.5 -0.993063 -0.116697 0.733319 -6.24074
238 0.993148 0.116912 -0.734599 6.23989
238.5 -0.993008 -0.117159 0.736222 -6.24039
239 0.993093 0.117374 -0.7375 6.23955
239.5 -0.992954 -0.117621 0.739123 -6.24005
240 0.993039 0.117835 -0.7404 6.23921
240.5 -0.992899 -0.118082 0.742022 -6.23971
241 0.992984 0.118297 -0.743298 6.23886
241.5 -0.992844 -0.118543 0.74492 -6.23936
242 0.992929 0.118758 -0.746194 6.23852
242.5 -0.992789 -0.119004 0.747816 -6.23902
243 0.992874 0.119218 -0.749089 6.23817
243.5 -0.992734 -0.119465 0.750711 -6.23867
244 0.992818 0.119679 -0.751982 6.23782
244.5 -0.992678 -0.119925 0.753604 -6.23832
245 0.992763 0.120139 -0.754874 6.23747
245.5 -0.992622 -0.120386 0.756495 -6.23797
246 0.992707 0.120599 -0.757764 6.23712
246.5 -0.992567 -0.120845 0.759385 -6.23762
247 0.992651 0.121059 -0.760652 6.23677
247.5 -0.99251 -0.121305 0.762273 -6.23727
248 0.992595 0.121518 -0.763539 6.23642
248.5 -0.992454 -0.121764 0.76516 -6.23691
249 0.992538 0.121977 -0.766424 6.23606
249.5 -0.992398 -0.122224 0.768045 -6.23656
250 0.992482 0.122436 -0.769308 6.23571
250.5 -0.992341 -0.122682 0.770929 -6.2362
251 0.992425 0.122895 -0.77219 6.23535
251.5 -0.992284 -0.123141 0.773811 -6.23584
252 0.992368 0.123353 -0.77507 6.23499
252.5 -0.992228 -0.123599 0.776691 -6.23549
253 0.992311 0.123811 -0.777949 6.23464
253.5 -0.99217 -0.124058 0.779569 -6.23513
254 0.992254 0.124269 -0.780826 6.23428
254.5 -0.992113 -0.124515 0.782447 -6.23477
255 0.992197 0.124727 -0.783702 6.23392
255.5 -0.992056 -0.124973 0.785322 -6.2344
256 0.992139 0.125184 -0.786576 6.23355
256.5 -0.991998 -0.12543 0.788196 -6.23404
257 0.992081 0.125642 -0.789448 6.23319
257.5 -0.99194 -0.125887 0.791068 -6.23368
258 0.992024 0.126098 -0.792319 6.23283
258.5 -0.991882 -0.126344 0.793939 -6.23331
259 0.991965 0.126555 -0.795188 6.23246
259.5 -0.991824 -0.126801 0.796808 -6.23295
260 0.991907 0.127012 -0.798056 6.23209
260.5 -0.991765 -0.127257 0.799675 -6.23258
261 0.991849 0.127468 -0.800922 6.23173
261.5 -0.991707 -0.127713 0.802541 -6.23221
262 0.99179 0.127924 -0.803786 6.23136
262.5 -0.991648 -0.128169 0.805406 -6.23184
263 0.991731 0.128379 -0.806649 6.23099
263.5 -0.991589 -0.128625 0.808268 -6.23147
264 0.991672 0.128835 -0.80951 6.23062
264.5 -0.99153 -0.12908 0.811129 -6.2311
265 0.991613 0.12929 -0.81237 6.23024
265.5 -0.99147 -0.129535 0.813989 -6.23073
266 0.991553 0.129745 -0.815228 6.22987
266.5 -0.991411 -0.12999 0.816847 -6.23035
267 0.991494 0.130199 -0.818084 6.2295
267.5 -0.991351 -0.130444 0.819703 -6.22998
268 0.991434 0.130653 -0.820939 6.22912
268.5 -0.991291 -0.130899 0.822558 -6.2296
269 0.991374 0.131108 -0.823793 6.22874
269.5 -0.991231 -0.131353 0.825411 -6.22922
270 0.991314 0.131561 -0.826644 6.22837
270.5 -0.991171 -0.131806 0.828262 -6.22884
271 0.991254 0.132015 -0.829494 6.22799
271.5 -0.991111 -0.13226 0.831112 -6.22846
272 0.991193 0.132468 -0.832343 6.22761
272.5 -0.99105 -0.132713 0.83396 -6.22808
273 0.991133 0.132921 -0.835189 6.22723
273.5 -0.99099 -0.133166 0.836807 -6.2277
274 0.991072 0.133374 -0.838035 6.22684
274.5 -0.990929 -0.133619 0.839652 -6.22732
275 0.991011 0.133827 -0.840878 6.22646
275.5 -0.990868 -0.134071 0.842495 -6.22693
276 0.99095 0.134279 -0.84372 6.22608
276.5 -0.990806 -0.134524 0.845337 -6.22655
277 0.990888 0.134731 -0.846561 6.22569
277.5 -0.990745 -0.134976 0.848177 -6.22616
278 0.990827 0.135183 -0.849399 6.2253
278.5 -0.990683 -0.135427 0.851016 -6.22577
279 0.990765 0.135634 -0.852236 6.22491
279.5 -0.990621 -0.135879 0.853853 -6.22539
280 0.990703 0.136086 -0.855072 6.22453
280.5 -0.990559 -0.13633 0.856689 -6.225
281 0.990641 0.136537 -0.857906 6.22414
281.5 -0.990497 -0.136781 0.859522 -6.22461
282 0.990579 0.136988 -0.860738 6.22374
282.5 -0.990435 -0.137232 0.862355 -6.22421
283 0.990517 0.137438 -0.863569 6.22335
283.5 -0.990372 -0.137682 0.865185 -6.22382
284 0.990454 0.137888 -0.866398 6.22296
284.5 -0.99031 -0.138132 0.868014 -6.22343
285 0.990391 0.138338 -0.869226 6.22256
285.5 -0.990247 -0.138582 0.870841 -6.22303
286 0.990328 0.138788 -0.872052 6.22217
286.5 -0.990184 -0.139032 0.873667 -6.22264
287 0.990265 0.139238 -0.874876 6.22177
287.5 -0.990121 -0.139481 0.876491 -6.22224
288 0.990202 0.139687 -0.877699 6.22138
288.5 -0.990057 -0.139931 0.879314 -6.22184
289 0.990139 0.140136 -0.88052 6.22098
289.5 -0.989994 -0.14038 0.882135 -6.22144
290 0.990075 0.140585 -0.883339 6.22058
290.5 -0.98993 -0.140828 0.884954 -6.22104
291 0.990011 0.141033 -0.886157 6.22018
291.5 -0.989866 -0.141277 0.887772 -6.22064
292 0.989947 0.141481 -0.888973 6.21977
292.5 -0.989802 -0.141725 0.890588 -6.22024
293 0.989883 0.141929 -0.891788 6.21937
293.5 -0.989738 -0.142173 0.893403 -6.21983
294 0.989819 0.142377 -0.894601 6.21897
294.5 -0.989674 -0.14262 0.896215 -6.21943
295 0.989755 0.142824 -0.897413 6.21856
295.5 -0.989609 -0.143068 0.899027 -6.21902
296 0.98969 0.143272 -0.900222 6.21816
296.5 -0.989544 -0.143515 0.901836 -6.21861
297 0.989625 0.143719 -0.903031 6.21775
297.5 -0.98948 -0.143962 0.904644 -6.21821
298 0.98956 0.144165 -0.905837 6.21734
298.5 -0.989415 -0.144408 0.907451 -6.2178
299 0.989495 0.144612 -0.908642 6.21693
299.5 -0.989349 -0.144855 0.910256 -6.21739
300 0.98943 0.145058 -0.911446 6.21652
300.5 -0.989284 -0.145301 0.913059 -6.21698
301 0.989364 0.145504 -0.914247 6.21611
301.5 -0.989218 -0.145747 0.91586 -6.21656
302 0.989299 0.145949 -0.917047 6.2157
302.5 -0.989153 -0.146192 0.91866 -6.21615
303 0.989233 0.146395 -0.919846 6.21528
303.5 -0.989087 -0.146638 0.921459 -6.21574
304 0.989167 0.14684 -0.922643 6.21487
304.5 -0.989021 -0.147083 0.924256 -6.21532
305 0.989101 0.147285 -0.925438 6.21445
305.5 -0.988954 -0.147527 0.927051 -6.2149
306 0.989035 0.147729 -0.928232 6.21404
306.5 -0.988888 -0.147972 0.929844 -6.21449
307 0.988968 0.148174 -0.931024 6.21362
307.5 -0.988822 -0.148416 0.932636 -6.21407
308 0.988902 0.148618 -0.933815 6.2132
308.5 -0.988755 -0.14886 0.935426 -6.21365
309 0.988835 0.149062 -0.936603 6.21278
309.5 -0.988688 -0.149304 0.938215 -6.21323
310 0.988768 0.149505 -0.939391 6.21236
310.5 -0.988621 -0.149748 0.941002 -6.21281
311 0.988701 0.149949 -0.942176 6.21194
311.5 -0.988554 -0.150191 0.943788 -6.21238
312 0.988633 0.150392 -0.94496 6.21151
312.5 -0.988486 -0.150634 0.946571 -6.21196
313 0.988566 0.150835 -0.947743 6.21109
313.5 -0.988419 -0.151077 0.949354 -6.21154
314 0.988498 0.151277 -0.950523 6.21066
314.5 -0.988351 -0.151519 0.952134 -6.21111
315 0.988431 0.151719 -0.953303 6.21024
315.5 -0.988283 -0.151961 0.954913 -6.21068
316 0.988363 0.152162 -0.95608 6.20981
316.5 -0.988215 -0.152403 0.957691 -6.21026
317 0.988295 0.152603 -0.958856 6.20938
317.5 -0.988147 -0.152845 0.960466 -6.20983
318 0.988226 0.153045 -0.96163 6.20895
318.5 -0.988079 -0.153287 0.963241 -6.2094
319 0.988158 0.153486 -0.964403 6.20852
319.5 -0.98801 -0.153728 0.966013 -6.20897
320 0.988089 0.153927 -0.967174 6.20809
320.5 -0.987941 -0.154169 0.968784 -6.20853
321 0.98802 0.154368 -0.969944 6.20766
321.5 -0.987873 -0.154609 0.971553 -6.2081
322 0.987952 0.154808 -0.972711 6.20723
322.5 -0.987804 -0.15505 0.974321 -6.20767
323 0.987883 0.155249 -0.975478 6.20679
323.5 -0.987734 -0.15549 0.977087 -6.20723
324 0.987813 0.155689 -0.978242 6.20636
324.5 -0.987665 -0.15593 0.979851 -6.2068
325 0.987744 0.156128 -0.981005 6.20592
325.5 -0.987596 -0.15637 0.982614 -6.20636
326 0.987674 0.156568 -0.983767 6.20549
326.5 -0.987526 -0.156809 0.985375 -6.20592
327 0.987605 0.157007 -0.986526 6.20505
327.5 -0.987456 -0.157248 0.988135 -6.20548
328 0.987535 0.157446 -0.989285 6.20461
328.5 -0.987386 -0.157687 0.990893 -6.20504
329 0.987465 0.157885 -0.992041 6.20417
329.5 -0.987316 -0.158126 0.993649 -6.2046
330 0.987395 0.158323 -0.994796 6.20373
330.5 -0.987246 -0.158564 0.996404 -6.20416
331 0.987324 0.158761 -0.997549 6.20328
331.5 -0.987175 -0.159002 0.999157 -6.20372
332 0.987254 0.159199 -1.0003 6.20284
332.5 -0.987105 -0.15944 1.00191 -6.20327
333 0.987183 0.159637 -1.00305 6.2024
333.5 -0.987034 -0.159878 1.00466 -6.20283
334 0.987112 0.160074 -1.0058 6.20195
334.5 -0.986963 -0.160315 1.00741 -6.20238
335 0.987041 0.160512 -1.00855 6.20151
335.5 -0.986892 -0.160752 1.01015 -6.20194
336 0.98697 0.160949 -1.01129 6.20106
336.5 -0.986821 -0.161189 1.0129 -6.20149
337 0.986899 0.161385 -1.01403 6.20061
337.5 -0.986749 -0.161626 1.01564 -6.20104
338 0.986827 0.161822 -1.01678 6.20016
338.5 -0.986678 -0.162062 1.01838 -6.20059
339 0.986756 0.162258 -1.01952 6.19971
339.5 -0.986606 -0.162498 1.02112 -6.20014
340 0.986684 0.162694 -1.02226 6.19926
340.5 -0.986534 -0.162934 1.02386 -6.19969
341 0.986612 0.163129 -1.02499 6.19881
341.5 -0.986462 -0.163369 1.0266 -6.19923
342 0.98654 0.163565 -1.02773 6.19836
342.5 -0.98639 -0.163805 1.02933 -6.19878
343 0.986468 0.164 -1.03046 6.1979
343.5 -0.986318 -0.16424 1.03207 -6.19833
344 0.986396 0.164434 -1.03319 6.19745
344.5 -0.986245 -0.164674 1.0348 -6.19787
345 0.986323 0.164869 -1.03592 6.19699
345.5 -0.986173 -0.165109 1.03753 -6.19741
346 0.98625 0.165303 -1.03865 6.19653
346.5 -0.9861 -0.165543 1.04026 -6.19696
347 0.986178 0.165737 -1.04138 6.19608
347.5 -0.986027 -0.165977 1.04299 -6.1965
348 0.986105 0.166171 -1.04411 6.19562
348.5 -0.985954 -0.166411 1.04571 -6.19604
349 0.986031 0.166605 -1.04683 6.19516
349.5 -0.985881 -0.166844 1.04843 -6.19558
350 0.985958 0.167038 -1.04955 6.1947
350.5 -0.985807 -0.167278 1.05116 -6.19512
351 0.985885 0.167471 -1.05227 6.19424
351.5 -0.985734 -0.167711 1.05388 -6.19465
352 0.985811 0.167904 -1.05499 6.19377
352.5 -0.98566 -0.168143 1.0566 -6.19419
353 0.985737 0.168336 -1.05771 6.19331
353.5 -0.985586 -0.168576 1.05931 -6.19373
354 0.985663 0.168769 -1.06043 6.19284
354.5 -0.985512 -0.169008 1.06203 -6.19326
355 0.985589 0.169201 -1.06314 6.19238
355.5 -0.985438 -0.16944 1.06474 -6.1928
356 0.985515 0.169632 -1.06585 6.19191
356.5 -0.985364 -0.169871 1.06746 -6.19233
357 0.985441 0.170064 -1.06856 6.19145
357.5 -0.985289 -0.170303 1.07017 -6.19186
358 0.985366 0.170495 -1.07127 6.19098
358.5 -0.985215 -0.170734 1.07288 -6.19139
359 0.985292 0.170926 -1.07398 6.19051
359.5 -0.98514 -0.171165 1.07558 -6.19092
360 0.985217 0.171357 -1.07669 6.19004
360.5 -0.985065 -0.171595 1.07829 -6.19045
361 0.985142 0.171787 -1.07939 6.18957
361.5 -0.98499 -0.172026 1.08099 -6.18998
362 0.985067 0.172217 -1.0821 6.18909
362.5 -0.984915 -0.172456 1.0837 -6.18951
363 0.984992 0.172647 -1.0848 6.18862
363.5 -0.98484 -0.172886 1.0864 -6.18903
364 0.984916 0.173077 -1.0875 6.18815
364.5 -0.984764 -0.173315 1.0891 -6.18856
365 0.984841 0.173506 -1.09019 6.18767
365.5 -0.984689 -0.173745 1.0918 -6.18808
366 0.984765 0.173935 -1.09289 6.1872
366.5 -0.984613 -0.174174 1.09449 -6.18761
367 0.984689 0.174364 -1.09559 6.18672
367.5 -0.984537 -0.174603 1.09719 -6.18713
368 0.984613 0.174793 -1.09828 6.18624
368.5 -0.984461 -0.175031 1.09988 -6.18665
369 0.984537 0.175221 -1.10097 6.18576
369.5 -0.984385 -0.175459 1.10257 -6.18617
370 0.984461 0.175649 -1.10366 6.18529
370.5 -0.984308 -0.175888 1.10526 -6.18569
371 0.984384 0.176077 -1.10635 6.1848
371.5 -0.984232 -0.176315 1.10795 -6.18521
372 0.984308 0.176505 -1.10904 6.18432
372.5 -0.984155 -0.176743 1.11063 -6.18473
373 0.984231 0.176932 -1.11172 6.18384
373.5 -0.984078 -0.17717 1.11332 -6.18425
374 0.984154 0.177359 -1.1144 6.18336
374.5 -0.984001 -0.177597 1.116 -6.18376
375 0.984077 0.177786 -1.11709 6.18287
375.5 -0.983924 -0.178024 1.11868 -6.18328
376 0.984 0.178213 -1.11977 6.18239
376.5 -0.983847 -0.17845 1.12136 -6.18279
377 0.983923 0.178639 -1.12244 6.1819
377.5 -0.98377 -0.178877 1.12404 -6.1823
378 0.983845 0.179065 -1.12512 6.18142
378.5 -0.983692 -0.179302 1.12672 -6.18182
379 0.983768 0.179491 -1.1278 6.18093
379.5 -0.983614 -0.179728 1.12939 -6.18133
380 0.98369 0.179916 -1.13047 6.18044
380.5 -0.983537 -0.180154 1.13207 -6.18084
381 0.983612 0.180341 -1.13314 6.17995
381.5 -0.983459 -0.180579 1.13474 -6.18035
382 0.983534 0.180766 -1.13581 6.17946
382.5 -0.983381 -0.181004 1.13741 -6.17986
383 0.983456 0.181191 -1.13848 6.17897
383.5 -0.983302 -0.181428 1.14008 -6.17937
384 0.983378 0.181616 -1.14115 6.17848
384.5 -0.983224 -0.181853 1.14274 -6.17887
385 0.983299 0.18204 -1.14381 6.17799
385.5 -0.983146 -0.182277 1.14541 -6.17838
386 0.983221 0.182464 -1.14648 6.17749
386.5 -0.983067 -0.182701 1.14807 -6.17789
387 0.983142 0.182888 -1.14914 6.177
387.5 -0.982988 -0.183124 1.15074 -6.17739
388 0.983063 0.183311 -1.1518 6.1765
388.5 -0.982909 -0.183548 1.1534 -6.17689
389 0.982984 0.183734 -1.15446 6.176
389.5 -0.98283 -0.183971 1.15605 -6.1764
390 0.982905 0.184157 -1.15712 6.17551
390.5 -0.982751 -0.184394 1.15871 -6.1759
391 0.982826 0.18458 -1.15977 6.17501
391.5 -0.982672 -0.184816 1.16137 -6.1754
392 0.982747 0.185002 -1.16243 6.17451
392.5 -0.982592 -0.185239 1.16402 -6.1749
393 0.982667 0.185424 -1.16508 6.17401
393.5 -0.982512 -0.185661 1.16667 -6.1744
394 0.982587 0.185846 -1.16773 6.17351
394.5 -0.982433 -0.186083 1.16932 -6.1739
395 0.982508 0.186268 -1.17038 6.17301
395.5 -0.982353 -0.186504 1.17197 -6.1734
396 0.982428 0.186689 -1.17303 6.1725
396.5 -0.982273 -0.186925 1.17462 -6.17289
397 0.982347 0.18711 -1.17567 6.172
397.5 -0.982192 -0.187346 1.17727 -6.17239
398 0.982267 0.187531 -1.17832 6.1715
398.5 -0.982112 -0.187767 1.17991 -6.17188
399 0.982187 0.187952 -1.18096 6.17099
399.5 -0.982032 -0.188188 1.18255 -6.17138
400 0.982106 0.188372 -1.1836 6.17049
400.5 -0.981951 -0.188608 1.18519 -6.17087
401 0.982026 0.188792 -1.18624 6.16998
401.5 -0.98187 -0.189028 1.18783 -6.17036
402 0.981945 0.189212 -1.18888 6.16947
402.5 -0.98179 -0.189448 1.19047 -6.16986
403 0.981864 0.189631 -1.19151 6.16896
403.5 -0.981709 -0.189867 1.19311 -6.16935
404 0.981783 0.190051 -1.19415 6.16845
404.5 -0.981627 -0.190286 1.19574 -6.16884
405 0.981702 0.19047 -1.19678 6.16794
405.5 -0.981546 -0.190705 1.19837 -6.16832
406 0.98162 0.190888 -1.19941 6.16743
406.5 -0.981465 -0.191124 1.201 -6.16781
407 0.981539 0.191307 -1.20204 6.16692
407.5 -0.981383 -0.191542 1.20363 -6.1673
408 0.981457 0.191725 -1.20467 6.16641
408.5 -0.981301 -0.191961 1.20626 -6.16679
409 0.981376 0.192143 -1.20729 6.16589
409.5 -0.98122 -0.192378 1.20889 -6.16627
410 0.981294 0.192561 -1.20992 6.16538
410.5 -0.981138 -0.192796 1.21151 -6.16576
411 0.981212 0.192978 -1.21254 6.16486
411.5 -0.981056 -0.193214 1.21413 -6.16524
412 0.98113 0.193396 -1.21516 6.16435
412.5 -0.980973 -0.193631 1.21675 -6.16472
413 0.981047 0.193813 -1.21778 6.16383
413.5 -0.980891 -0.194048 1.21937 -6.16421
414 0.980965 0.194229 -1.2204 6.16331
414.5 -0.980809 -0.194464 1.22199 -6.16369
415 0.980883 0.194646 -1.22302 6.16279
415.5 -0.980726 -0.19488 1.22461 -6.16317
416 0.9808 0.195062 -1.22563 6.16227
416.5 -0.980643 -0.195297 1.22722 -6.16265
417 0.980717 0.195478 -1.22825 6.16175
417.5 -0.98056 -0.195712 1.22984 -6.16213
418 0.980634 0.195893 -1.23086 6.16123
418.5 -0.980477 -0.196128 1.23245 -6.16161
419 0.980551 0.196309 -1.23347 6.16071
419.5 -0.980394 -0.196543 1.23506 -6.16108
420 0.980468 0.196724 -1.23608 6.16019
420.5 -0.980311 -0.196958 1.23766 -6.16056
421 0.980385 0.197139 -1.23868 6.15966
421.5 -0.980228 -0.197373 1.24027 -6.16004
422 0.980301 0.197553 -1.24129 6.15914
422.5 -0.980144 -0.197788 1.24288 -6.15951
423 0.980218 0.197968 -1.24389 6.15861
423.5 -0.98006 -0.198202 1.24548 -6.15898
424 0.980134 0.198382 -1.24649 6.15809
424.5 -0.979977 -0.198616 1.24808 -6.15846
425 0.98005 0.198796 -1.24909 6.15756
425.5 -0.979893 -0.19903 1.25068 -6.15793
426 0.979966 0.199209 -1.25169 6.15703
426.5 -0.979809 -0.199443 1.25328 -6.1574
427 0.979882 0.199622 -1.25429 6.1565
427.5 -0.979724 -0.199856 1.25587 -6.15687
428 0.979798 0.200035 -1.25688 6.15598
428.5 -0.97964 -0.200269 1.25847 -6.15634
429 0.979714 0.200448 -1.25948 6.15545
429.5 -0.979556 -0.200682 1.26106 -6.15581
430 0.979629 0.200861 -1.26207 6.15491
430.5 -0.979471 -0.201094 1.26365 -6.15528
431 0.979544 0.201273 -1.26466 6.15438
431.5 -0.979386 -0.201507 1.26624 -6.15475
432 0.97946 0.201685 -1.26725 6.15385
432.5 -0.979302 -0.201919 1.26883 -6.15421
433 0.979375 0.202097 -1.26983 6.15332
433.5 -0.979217 -0.20233 1.27142 -6.15368
434 0.97929 0.202508 -1.27242 6.15278
434.5 -0.979132 -0.202742 1.27401 -6.15315
435 0.979205 0.202919 -1.275 6.15225
435.5 -0.979046 -0.203153 1.27659 -6.15261
436 0.97912 0.20333 -1.27759 6.15171
436.5 -0.978961 -0.203564 1.27917 -6.15207
437 0.979034 0.203741 -1.28017 6.15118
437.5 -0.978876 -0.203974 1.28175 -6.15154
438 0.978949 0.204151 -1.28275 6.15064
438.5 -0.97879 -0.204385 1.28433 -6.151
439 0.978863 0.204562 -1.28532 6.1501
439.5 -0.978704 -0.204795 1.28691 -6.15046
440 0.978777 0.204972 -1.2879 6.14956
440.5 -0.978619 -0.205205 1.28948 -6.14992
441 0.978691 0.205381 -1.29047 6.14902
441.5 -0.978533 -0.205614 1.29206 -6.14938
442 0.978606 0.205791 -1.29304 6.14848
442.5 -0.978447 -0.206023 1.29463 -6.14884
443 0.978519 0.2062 -1.29561 6.14794
443.5 -0.97836 -0.206432 1.2972 -6.1483
444 0.978433 0.206609 -1.29818 6.1474
444.5 -0.978274 -0.206841 1.29977 -6.14775
445 0.978347 0.207017 -1.30075 6.14686
445.5 -0.978188 -0.20725 1.30233 -6.14721
446 0.97826 0.207426 -1.30332 6.14631
446.5 -0.978101 -0.207658 1.3049 -6.14667
447 0.978174 0.207834 -1.30588 6.14577
447.5 -0.978014 -0.208066 1.30746 -6.14612
448 0.978087 0.208241 -1.30844 6.14522
448.5 -0.977928 -0.208474 1.31003 -6.14558
449 0.978 0.208649 -1.311 6.14468
449.5 -0.977841 -0.208881 1.31259 -6.14503
450 0.977913 0.209056 -1.31356 6.14413
450.5 -0.977754 -0.209289 1.31514 -6.14448
451 0.977826 0.209463 -1.31612 6.14358
451.5 -0.977667 -0.209696 1.3177 -6.14393
452 0.977739 0.20987 -1.31868 6.14303
452.5 -0.977579 -0.210102 1.32026 -6.14339
453 0.977652 0.210277 -1.32123 6.14249
453.5 -0.977492 -0.210509 1.32281 -6.14284
454 0.977564 0.210683 -1.32378 6.14194
454.5 -0.977404 -0.210915 1.32536 -6.14229
455 0.977477 0.211089 -1.32633 6.14139
455.5 -0.977317 -0.211321 1.32791 -6.14173
456 0.977389 0.211495 -1.32888 6.14083
456.5 -0.977229 -0.211726 1.33046 -6.14118
457 0.977301 0.2119 -1.33143 6.14028
457.5 -0.977141 -0.212132 1.33301 -6.14063
458 0.977213 0.212305 -1.33398 6.13973
458.5 -0.977053 -0.212537 1.33556 -6.14008
459 0.977125 0.21271 -1.33652 6.13918
459.5 -0.976965 -0.212942 1.3381 -6.13952
460 0.977037 0.213115 -1.33907 6.13862
460.5 -0.976877 -0.213346 1.34064 -6.13897
461 0.976949 0.213519 -1.34161 6.13807
461.5 -0.976788 -0.213751 1.34318 -6.13841
462 0.97686 0.213924 -1.34415 6.13751
462.5 -0.9767 -0.214155 1.34572 -6.13786
463 0.976772 0.214328 -1.34668 6.13695
463.5 -0.976611 -0.214559 1.34826 -6.1373
464 0.976683 0.214731 -1.34922 6.1364
464.5 -0.976522 -0.214962 1.3508 -6.13674
465 0.976594 0.215135 -1.35175 6.13584
465.5 -0.976434 -0.215366 1.35333 -6.13618
466 0.976505 0.215538 -1.35429 6.13528
466.5 -0.976345 -0.215769 1.35586 -6.13562
467 0.976416 0.215941 -1.35682 6.13472
467.5 -0.976256 -0.216172 1.3584 -6.13506
468 0.976327 0.216343 -1.35935 6.13416
468.5 -0.976166 -0.216574 1.36092 -6.1345
469 0.976238 0.216746 -1.36188 6.1336
469.5 -0.976077 -0.216976 1.36345 -6.13394
470 0.976149 0.217148 -1.3644 6.13304
470.5 -0.975988 -0.217378 1.36598 -6.13338
471 0.976059 0.217549 -1.36693 6.13248
471.5 -0.975898 -0.21778 1.3685 -6.13282
472 0.97597 0.217951 -1.36945 6.13191
472.5 -0.975808 -0.218182 1.37103 -6.13225
473 0.97588 0.218352 -1.37197 6.13135
473.5 -0.975719 -0.218583 1.37355 -6.13169
474 0.97579 0.218753 -1.37449 6.13079
474.5 -0.975629 -0.218984 1.37607 -6.13112
475 0.9757 0.219154 -1.37701 6.13022
475.5 -0.975539 -0.219384 1.37858 -6.13056
476 0.97561 0.219555 -1.37953 6.12966
476.5 -0.975449 -0.219785 1.3811 -6.12999
477 0.97552 0.219955 -1.38204 6.12909
477.5 -0.975358 -0.220185 1.38362 -6.12942
478 0.97543 0.220355 -1.38456 6.12852
478.5 -0.975268 -0.220585 1.38613 -6.12886
479 0.97534 0.220755 -1.38707 6.12795
479.5 -0.975178 -0.220985 1.38864 -6.12829
480 0.975249 0.221154 -1.38958 6.12738
480.5 -0.975087 -0.221384 1.39115 -6.12772
481 0.975158 0.221553 -1.39209 6.12682
481.5 -0.974996 -0.221783 1.39366 -6.12715
482 0.975068 0.221952 -1.39459 6.12625
482.5 -0.974906 -0.222182 1.39616 -6.12658
483 0.974977 0.222351 -1.3971 6.12567
483.5 -0.974815 -0.222581 1.39867 -6.12601
484 0.974886 0.222749 -1.3996 6.1251
484.5 -0.974724 -0.222979 1.40117 -6.12543
485 0.974795 0.223148 -1.4021 6.12453
485.5 -0.974633 -0.223377 1.40367 -6.12486
486 0.974704 0.223546 -1.4046 6.12396
486.5 -0.974541 -0.223775 1.40617 -6.12429
487 0.974613 0.223943 -1.4071 6.12338
487.5 -0.97445 -0.224173 1.40867 -6.12371
488 0.974521 0.224341 -1.4096 6.12281
488.5 -0.974359 -0.22457 1.41117 -6.12314
489 0.97443 0.224738 -1.41209 6.12223
489.5 -0.974267 -0.224967 1.41366 -6.12256
490 0.974338 0.225135 -1.41459 6.12166
490.5 -0.974175 -0.225364 1.41616 -6.12199
491 0.974246 0.225531 -1.41708 6.12108
491.5 -0.974084 -0.22576 1.41865 -6.12141
492 0.974155 0.225928 -1.41957 6.12051
492.5 -0.973992 -0.226157 1.42114 -6.12083
493 0.974063 0.226324 -1.42206 6.11993
493.5 -0.9739 -0.226553 1.42363 -6.12025
494 0.973971 0.226719 -1.42454 6.11935
494.5 -0.973808 -0.226948 1.42611 -6.11967
495 0.973878 0.227115 -1.42703 6.11877
495.5 -0.973715 -0.227344 1.4286 -6.11909
496 0.973786 0.22751 -1.42951 6.11819
496.5 -0.973623 -0.227739 1.43108 -6.11851
497 0.973694 0.227905 -1.432 6.11761
497.5 -0.973531 -0.228134 1.43356 -6.11793
498 0.973601 0.2283 -1.43448 6.11703
498.5 -0.973438 -0.228529 1.43604 -6.11735
499 0.973509 0.228695 -1.43696 6.11645
499.5 -0.973345 -0.228923 1.43852 -6.11677
500 0.973416 0.229089 -1.43943 6.11586
500.5 -0.973253 -0.229317 1.441 -6.11618
501 0.973323 0.229483 -1.44191 6.11528
501.5 -0.97316 -0.229711 1.44348 -6.1156
502 0.97323 0.229877 -1.44438 6.1147
502.5 -0.973067 -0.230105 1.44595 -6.11502
503 0.973137 0.23027 -1.44685 6.11411
503.5 -0.972974 -0.230498 1.44842 -6.11443
504 0.973044 0.230663 -1.44932 6.11353
504.5 -0.97288 -0.230891 1.45089 -6.11384
505 0.972951 0.231056 -1.45179 6.11294
505.5 -0.972787 -0.231284 1.45336 -6.11326
506 0.972858 0.231449 -1.45426 6.11235
506.5 -0.972694 -0.231677 1.45583 -6.11267
507 0.972764 0.231841 -1.45673 6.11177
507.5 -0.9726 -0.232069 1.45829 -6.11208
508 0.972671 0.232234 -1.45919 6.11118
508.5 -0.972507 -0.232461 1.46076 -6.11149
509 0.972577 0.232626 -1.46165 6.11059
509.5 -0.972413 -0.232853 1.46322 -6.11091
510 0.972483 0.233017 -1.46411 6.11
510.5 -0.972319 -0.233245 1.46568 -6.11032
