0 39.482 0 0 0.16
0.103 39.4819 0.01648 -0.00260855 0.159999
0.206 39.4815 0.0329599 -0.00521714 0.159998
0.309 39.4808 0.0494395 -0.00782579 0.159995
0.412 39.4799 0.0659188 -0.0104346 0.159991
0.515 39.4786 0.0823977 -0.0130434 0.159986
0.618 39.4772 0.098876 -0.0156525 0.15998
0.721 39.4754 0.115354 -0.0182618 0.159973
0.824 39.4734 0.13183 -0.0208713 0.159965
0.927 39.4711 0.148306 -0.0234811 0.159956
1.03 39.4686 0.164781 -0.0260912 0.159946
1.133 39.4657 0.181255 -0.0287016 0.159934
1.236 39.4627 0.197728 -0.0313124 0.159922
1.339 39.4593 0.214199 -0.0339236 0.159908
1.442 39.4557 0.230669 -0.0365353 0.159893
1.545 39.4518 0.247137 -0.0391474 0.159877
1.648 39.4476 0.263603 -0.0417601 0.15986
1.751 39.4432 0.280068 -0.0443733 0.159842
1.854 39.4385 0.296531 -0.0469871 0.159823
1.957 39.4335 0.312992 -0.0496015 0.159803
2.06 39.4282 0.32945 -0.0522165 0.159782
2.163 39.4227 0.345907 -0.0548323 0.159759
2.266 39.4169 0.362361 -0.0574487 0.159736
2.369 39.4109 0.378812 -0.0600659 0.159711
2.472 39.4046 0.395261 -0.062684 0.159686
2.575 39.398 0.411707 -0.0653028 0.159659
2.678 39.3911 0.428151 -0.0679225 0.159631
2.781 39.384 0.444591 -0.0705431 0.159602
2.884 39.3766 0.461029 -0.0731646 0.159572
2.987 39.3689 0.477463 -0.0757871 0.15954
3.09 39.361 0.493894 -0.0784105 0.159508
3.193 39.3528 0.510322 -0.0810351 0.159475
3.296 39.3443 0.526746 -0.0836606 0.15944
3.399 39.3355 0.543166 -0.0862873 0.159404
3.502 39.3265 0.559583 -0.0889152 0.159367
3.605 39.3172 0.575996 -0.0915442 0.159329
3.708 39.3076 0.592405 -0.0941744 0.15929
3.811 39.2978 0.60881 -0.0968059 0.15925
3.914 39.2877 0.62521 -0.0994386 0.159209
4.017 39.2773 0.641607 -0.102073 0.159166
4.12 39.2667 0.657999 -0.104708 0.159123
4.223 39.2558 0.674386 -0.107345 0.159078
4.326 39.2446 0.690769 -0.109983 0.159032
4.429 39.2331 0.707147 -0.112623 0.158985
4.532 39.2214 0.72352 -0.115264 0.158937
4.635 39.2094 0.739888 -0.117907 0.158888
4.738 39.1971 0.75625 -0.120551 0.158837
4.841 39.1845 0.772608 -0.123197 0.158786
4.944 39.1717 0.78896 -0.125845 0.158733
5.047 39.1586 0.805307 -0.128494 0.158679
5.15 39.1452 0.821648 -0.131145 0.158624
5.253 39.1316 0.837983 -0.133798 0.158568
5.356 39.1177 0.854313 -0.136452 0.15851
5.459 39.1035 0.870636 -0.139109 0.158452
5.562 39.089 0.886954 -0.141767 0.158392
5.665 39.0743 0.903265 -0.144427 0.158331
5.768 39.0593 0.91957 -0.147089 0.158269
5.871 39.044 0.935868 -0.149753 0.158205
5.974 39.0284 0.95216 -0.15242 0.158141
6.077 39.0126 0.968445 -0.155088 0.158075
6.18 38.9965 0.984724 -0.157758 0.158008
6.283 38.9801 1.001 -0.16043 0.15794
6.386 38.9634 1.01726 -0.163105 0.157871
6.489 38.9465 1.03352 -0.165782 0.157801
6.592 38.9293 1.04977 -0.168461 0.157729
6.695 38.9118 1.06601 -0.171142 0.157656
6.798 38.894 1.08224 -0.173826 0.157582
6.901 38.876 1.09847 -0.176512 0.157507
7.004 38.8576 1.11469 -0.179201 0.15743
7.107 38.839 1.1309 -0.181892 0.157352
7.21 38.8202 1.1471 -0.184585 0.157273
7.313 38.801 1.1633 -0.187281 0.157193
7.416 38.7816 1.17949 -0.18998 0.157112
7.519 38.7619 1.19566 -0.192681 0.157029
7.622 38.7419 1.21183 -0.195385 0.156945
7.725 38.7216 1.228 -0.198091 0.15686
7.828 38.7011 1.24415 -0.200801 0.156773
7.931 38.6803 1.26029 -0.203513 0.156685
8.034 38.6592 1.27642 -0.206227 0.156596
8.137 38.6378 1.29255 -0.208945 0.156506
8.24 38.6161 1.30866 -0.211666 0.156414
8.343 38.5942 1.32477 -0.21439 0.156322
8.446 38.572 1.34087 -0.217116 0.156227
8.549 38.5495 1.35695 -0.219846 0.156132
8.652 38.5267 1.37303 -0.222579 0.156035
8.755 38.5036 1.3891 -0.225314 0.155937
8.858 38.4803 1.40515 -0.228054 0.155838
8.961 38.4566 1.4212 -0.230796 0.155737
9.064 38.4327 1.43723 -0.233541 0.155635
9.167 38.4085 1.45326 -0.23629 0.155531
9.27 38.384 1.46927 -0.239042 0.155427
9.373 38.3593 1.48528 -0.241798 0.155321
9.476 38.3342 1.50127 -0.244557 0.155213
9.579 38.3089 1.51725 -0.247319 0.155104
9.682 38.2833 1.53322 -0.250085 0.154994
9.785 38.2574 1.54918 -0.252855 0.154883
9.888 38.2312 1.56513 -0.255628 0.15477
9.991 38.2047 1.58106 -0.258405 0.154655
