0 1 0 0 6.283
0.49961 -0.999886 0.00218867 -0.0137538 -6.28369
0.99922 0.99999 -0.00437695 0.0275019 6.28294
1.49883 -0.999867 0.00656616 -0.0412622 -6.28356
1.99844 0.999962 -0.008754 0.0550044 6.28276
2.49805 -0.999829 0.0109437 -0.0687709 -6.28332
2.99766 0.999914 -0.0131311 0.0825071 6.28246
3.49727 -0.999771 0.0153212 -0.0962796 -6.28296
3.99688 0.999847 -0.0175081 0.110009 6.28204
4.49649 -0.999695 0.0196987 -0.123788 -6.28248
4.9961 0.999761 -0.021885 0.137511 6.28149
5.49571 -0.999599 0.0240759 -0.151294 -6.28188
5.99532 0.999655 -0.0262616 0.165011 6.28083
6.49493 -0.999484 0.0284529 -0.178799 -6.28116
6.99454 0.999531 -0.0306379 0.192509 6.28005
7.49415 -0.99935 0.0328295 -0.206302 -6.28031
7.99376 0.999387 -0.0350139 0.220004 6.27915
8.49337 -0.999196 0.0372057 -0.233802 -6.27935
8.99298 0.999224 -0.0393893 0.247497 6.27812
9.49259 -0.999024 0.0415813 -0.261299 -6.27826
9.9922 0.999042 -0.0437642 0.274985 6.27698
10.4918 -0.998832 0.0459564 -0.288792 -6.27706
10.9914 0.998841 -0.0481384 0.30247 6.27571
11.491 -0.998621 0.0503307 -0.316281 -6.27573
11.9906 0.99862 -0.0525119 0.329951 6.27433
12.4902 -0.998391 0.0547043 -0.343765 -6.27429
12.9899 0.998381 -0.0568846 0.357426 6.27282
13.4895 -0.998142 0.059077 -0.371243 -6.27272
13.9891 0.998122 -0.0612564 0.384895 6.2712
14.4887 -0.997874 0.0634488 -0.398716 -6.27104
14.9883 0.997844 -0.0656272 0.412358 6.26945
15.4879 -0.997586 0.0678195 -0.426182 -6.26923
15.9875 0.997547 -0.0699969 0.439815 6.26759
16.4871 -0.99728 0.0721892 -0.453641 -6.2673
16.9867 0.997231 -0.0743655 0.467264 6.2656
17.4863 -0.996954 0.0765576 -0.481092 -6.26525
17.986 0.996896 -0.0787329 0.494706 6.26349
18.4856 -0.996609 0.0809248 -0.508535 -6.26309
18.9852 0.996542 -0.0830989 0.522139 6.26127
19.4848 -0.996245 0.0852906 -0.53597 -6.2608
19.9844 0.996168 -0.0874635 0.549563 6.25892
20.484 -0.995862 0.0896549 -0.563396 -6.25839
20.9836 0.995775 -0.0918266 0.576978 6.25645
21.4832 -0.995459 0.0940178 -0.590812 -6.25586
21.9828 0.995363 -0.0961882 0.604383 6.25386
22.4824 -0.995038 0.098379 -0.618218 -6.25321
22.9821 0.994932 -0.100548 0.631778 6.25116
23.4817 -0.994597 0.102738 -0.645614 -6.25044
23.9813 0.994482 -0.104906 0.659162 6.24833
24.4809 -0.994137 0.107096 -0.672998 -6.24755
24.9805 0.994013 -0.109263 0.686534 6.24538
25.4801 -0.993659 0.111452 -0.70037 -6.24454
25.9797 0.993525 -0.113617 0.713895 6.24231
26.4793 -0.993161 0.115806 -0.72773 -6.24141
26.9789 0.993017 -0.117969 0.741242 6.23912
27.4785 -0.992644 0.120158 -0.755077 -6.23816
27.9782 0.992491 -0.12232 0.768577 6.23581
28.4778 -0.992107 0.124508 -0.782411 -6.23479
28.9774 0.991945 -0.126668 0.795898 6.23239
29.477 -0.991552 0.128855 -0.809732 -6.23131
29.9766 0.991381 -0.131014 0.823206 6.22884
30.4762 -0.990978 0.1332 -0.837037 -6.2277
30.9758 0.990797 -0.135358 0.850498 6.22517
31.4754 -0.990384 0.137543 -0.864328 -6.22397
31.975 0.990194 -0.139699 0.877775 6.22138
32.4746 -0.989772 0.141884 -0.891604 -6.22012
32.9743 0.989572 -0.144038 0.905037 6.21748
33.4739 -0.989141 0.146222 -0.918863 -6.21615
33.9735 0.988931 -0.148374 0.932283 6.21345
34.4731 -0.98849 0.150557 -0.946106 -6.21206
34.9727 0.988272 -0.152707 0.959511 6.2093
35.4723 -0.98782 0.154889 -0.973332 -6.20785
35.9719 0.987593 -0.157038 0.986723 6.20504
36.4715 -0.987132 0.159219 -1.00054 -6.20352
36.9711 0.986895 -0.161366 1.01392 6.20065
37.4707 -0.986424 0.163546 -1.02773 -6.19908
37.9704 0.986178 -0.165691 1.04109 6.19615
38.47 -0.985698 0.16787 -1.0549 -6.19451
38.9696 0.985442 -0.170013 1.06825 6.19152
39.4692 -0.984952 0.172191 -1.08206 -6.18983
39.9688 0.984687 -0.174332 1.09539 6.18678
40.4684 -0.984188 0.176509 -1.10919 -6.18502
40.968 0.983913 -0.178647 1.1225 6.18192
41.4676 -0.983404 0.180823 -1.1363 -6.1801
41.9672 0.98312 -0.18296 1.1496 6.17694
42.4668 -0.982602 0.185135 -1.16339 -6.17505
42.9665 0.982309 -0.187269 1.17668 6.17184
43.4661 -0.98178 0.189443 -1.19046 -6.16989
43.9657 0.981478 -0.191575 1.20373 6.16662
44.4653 -0.98094 0.193747 -1.21751 -6.16461
44.9649 0.980628 -0.195877 1.23076 6.16128
45.4645 -0.980081 0.198048 -1.24454 -6.15921
45.9641 0.97976 -0.200176 1.25777 6.15582
46.4637 -0.979203 0.202345 -1.27155 -6.15369
46.9633 0.978872 -0.204471 1.28476 6.15025
47.4629 -0.978306 0.206639 -1.29853 -6.14806
47.9626 0.977966 -0.208762 1.31172 6.14455
48.4622 -0.97739 0.210929 -1.32548 -6.1423
48.9618 0.977041 -0.213049 1.33866 6.13874
49.4614 -0.976455 0.215215 -1.35242 -6.13643
49.961 0.976097 -0.217333 1.36558 6.13281
50.4606 -0.975501 0.219497 -1.37932 -6.13043
50.9602 0.975134 -0.221613 1.39247 6.12676
51.4598 -0.974529 0.223774 -1.40621 -6.12432
51.9594 0.974153 -0.225888 1.41933 6.12059
52.459 -0.973538 0.228048 -1.43306 -6.11809
52.9587 0.973153 -0.230159 1.44617 6.11431
53.4583 -0.972528 0.232318 -1.45989 -6.11175
53.9579 0.972133 -0.234426 1.47298 6.1079
54.4575 -0.971499 0.236583 -1.4867 -6.10528
54.9571 0.971096 -0.238689 1.49977 6.10138
55.4567 -0.970452 0.240844 -1.51347 -6.0987
55.9563 0.970039 -0.242947 1.52652 6.09474
56.4559 -0.969386 0.245101 -1.54022 -6.092
56.9555 0.968964 -0.247201 1.55325 6.08799
57.4551 -0.968301 0.249353 -1.56694 -6.08518
57.9548 0.96787 -0.25145 1.57995 6.08111
58.4544 -0.967197 0.2536 -1.59363 -6.07824
58.954 0.966757 -0.255695 1.60662 6.07412
59.4536 -0.966075 0.257843 -1.62029 -6.07119
59.9532 0.965625 -0.259935 1.63326 6.06701
60.4528 -0.964934 0.26208 -1.64692 -6.06402
60.9524 0.964475 -0.26417 1.65987 6.05979
61.452 -0.963774 0.266313 -1.67352 -6.05673
61.9516 0.963307 -0.2684 1.68645 6.05244
62.4512 -0.962596 0.270541 -1.70009 -6.04933
62.9509 0.96212 -0.272625 1.713 6.04498
63.4505 -0.961399 0.274764 -1.72663 -6.04181
63.9501 0.960914 -0.276845 1.73951 6.03741
64.4497 -0.960184 0.278982 -1.75313 -6.03417
64.9493 0.959689 -0.28106 1.766 6.02971
65.4489 -0.95895 0.283195 -1.77961 -6.02641
65.9485 0.958446 -0.28527 1.79245 6.02191
66.4481 -0.957697 0.287403 -1.80605 -6.01854
66.9477 0.957185 -0.289474 1.81887 6.01398
67.4474 -0.956426 0.291605 -1.83245 -6.01055
67.947 0.955905 -0.293673 1.84525 6.00594
68.4466 -0.955137 0.295801 -1.85882 -6.00245
68.9462 0.954606 -0.297867 1.8716 5.99778
69.4458 -0.953829 0.299992 -1.88516 -5.99423
69.9454 0.953289 -0.302055 1.89791 5.9895
70.445 -0.952502 0.304178 -1.91146 -5.9859
70.9446 0.951954 -0.306237 1.92419 5.98111
71.4442 -0.951158 0.308358 -1.93773 -5.97744
71.9438 0.9506 -0.310413 1.95044 5.97261
72.4435 -0.949794 0.312532 -1.96396 -5.96888
72.9431 0.949228 -0.314584 1.97664 5.96399
73.4427 -0.948413 0.3167 -1.99015 -5.96019
73.9423 0.947838 -0.318749 2.00281 5.95525
74.4419 -0.947013 0.320862 -2.01631 -5.9514
74.9415 0.946429 -0.322908 2.02894 5.9464
75.4411 -0.945595 0.325019 -2.04242 -5.94248
75.9407 0.945002 -0.327061 2.05504 5.93743
76.4403 -0.944158 0.329169 -2.0685 -5.93345
76.9399 0.943556 -0.331208 2.08109 5.92835
77.4396 -0.942703 0.333313 -2.09454 -5.92431
77.9392 0.942093 -0.335348 2.10711 5.91915
78.4388 -0.94123 0.337451 -2.12055 -5.91505
78.9384 0.940611 -0.339482 2.13309 5.90984
79.438 -0.939739 0.341582 -2.14651 -5.90568
79.9376 0.939111 -0.34361 2.15902 5.90042
80.4372 -0.938229 0.345707 -2.17243 -5.89619
80.9368 0.937592 -0.347732 2.18492 5.89088
81.4364 -0.936701 0.349826 -2.19831 -5.88659
81.936 0.936056 -0.351847 2.21078 5.88122
82.4357 -0.935155 0.353938 -2.22415 -5.87688
82.9353 0.934501 -0.355955 2.23659 5.87145
83.4349 -0.933591 0.358043 -2.24995 -5.86705
83.9345 0.932928 -0.360057 2.26236 5.86157
84.4341 -0.932009 0.362141 -2.2757 -5.85711
84.9337 0.931338 -0.364151 2.28809 5.85158
85.4333 -0.930409 0.366233 -2.30141 -5.84705
85.9329 0.929729 -0.368239 2.31378 5.84147
86.4325 -0.928791 0.370318 -2.32708 -5.83688
86.9321 0.928102 -0.37232 2.33942 5.83125
87.4318 -0.927155 0.374396 -2.35271 -5.8266
87.9314 0.926457 -0.376394 2.36502 5.82091
88.431 -0.925501 0.378467 -2.37829 -5.8162
88.9306 0.924794 -0.380461 2.39057 5.81046
89.4302 -0.923829 0.38253 -2.40383 -5.8057
89.9298 0.923114 -0.384521 2.41608 5.7999
90.4294 -0.922139 0.386587 -2.42932 -5.79508
90.929 0.921415 -0.388574 2.44155 5.78923
91.4286 -0.920431 0.390636 -2.45476 -5.78434
91.9282 0.919699 -0.392619 2.46696 5.77845
92.4279 -0.918705 0.394678 -2.48016 -5.7735
92.9275 0.917964 -0.396657 2.49233 5.76755
93.4271 -0.916961 0.398712 -2.50551 -5.76254
93.9267 0.916212 -0.400687 2.51766 5.75654
94.4263 -0.9152 0.402739 -2.53082 -5.75147
94.9259 0.914442 -0.40471 2.54294 5.74542
95.4255 -0.913421 0.406759 -2.55607 -5.74029
95.9251 0.912655 -0.408725 2.56816 5.73419
96.4247 -0.911624 0.41077 -2.58128 -5.729
96.9243 0.910849 -0.412732 2.59334 5.72285
97.424 -0.90981 0.414774 -2.60644 -5.71759
97.9236 0.909026 -0.416732 2.61847 5.71139
98.4232 -0.907977 0.41877 -2.63155 -5.70608
98.9228 0.907186 -0.420723 2.64356 5.69983
99.4224 -0.906128 0.422758 -2.65661 -5.69445
99.922 0.905327 -0.424707 2.66859 5.68815
100.422 -0.90426 0.426738 -2.68162 -5.68272
100.921 0.903451 -0.428683 2.69357 5.67636
101.421 -0.902375 0.43071 -2.70658 -5.67087
101.92 0.901558 -0.43265 2.7185 5.66447
102.42 -0.900473 0.434674 -2.73149 -5.65892
102.92 0.899647 -0.43661 2.74338 5.65246
103.419 -0.898553 0.438629 -2.75635 -5.64685
103.919 0.897719 -0.440561 2.7682 5.64035
104.418 -0.896615 0.442577 -2.78115 -5.63467
104.918 0.895773 -0.444504 2.79298 5.62812
105.418 -0.89466 0.446515 -2.8059 -5.62239
105.917 0.89381 -0.448438 2.8177 5.61578
106.417 -0.892688 0.450446 -2.8306 -5.60999
106.917 0.891829 -0.452364 2.84237 5.60334
107.416 -0.890698 0.454368 -2.85525 -5.59749
107.916 0.889831 -0.456281 2.86698 5.59079
108.415 -0.888691 0.458281 -2.87984 -5.58488
108.915 0.887816 -0.46019 2.89154 5.57812
109.415 -0.886667 0.462185 -2.90437 -5.57216
109.914 0.885784 -0.46409 2.91605 5.56535
110.414 -0.884626 0.466081 -2.92885 -5.55933
110.913 0.883734 -0.467981 2.94049 5.55248
111.413 -0.882567 0.469968 -2.95328 -5.54639
111.913 0.881667 -0.471863 2.96489 5.53949
112.412 -0.880491 0.473846 -2.97765 -5.53335
112.912 0.879583 -0.475736 2.98923 5.5264
113.411 -0.878398 0.477715 -3.00196 -5.52019
113.911 0.877482 -0.479601 3.01351 5.51319
114.411 -0.876288 0.481575 -3.02621 -5.50693
114.91 0.875364 -0.483456 3.03773 5.49988
115.41 -0.874161 0.485426 -3.05041 -5.49356
115.91 0.873228 -0.487302 3.0619 5.48647
116.409 -0.872017 0.489267 -3.07455 -5.48009
116.909 0.871076 -0.491138 3.086 5.47295
117.408 -0.869856 0.4931 -3.09863 -5.46651
117.908 0.868907 -0.494966 3.11005 5.45932
118.408 -0.867678 0.496923 -3.12265 -5.45282
118.907 0.866721 -0.498784 3.13404 5.44558
119.407 -0.865483 0.500736 -3.14662 -5.43903
119.906 0.864518 -0.502592 3.15797 5.43174
120.406 -0.863271 0.50454 -3.17052 -5.42513
120.906 0.862298 -0.506391 3.18184 5.41779
121.405 -0.861042 0.508334 -3.19436 -5.41112
121.905 0.860062 -0.51018 3.20565 5.40374
122.404 -0.858797 0.512119 -3.21814 -5.39701
122.904 0.857808 -0.513959 3.2294 5.38958
123.404 -0.856535 0.515893 -3.24187 -5.3828
123.903 0.855538 -0.517729 3.25308 5.37532
124.403 -0.854256 0.519658 -3.26552 -5.36847
124.903 0.853252 -0.521489 3.27671 5.36095
125.402 -0.85196 0.523414 -3.28912 -5.35405
125.902 0.850948 -0.525239 3.30027 5.34648
126.401 -0.849648 0.527159 -3.31265 -5.33952
126.901 0.848628 -0.528979 3.32377 5.3319
127.401 -0.84732 0.530894 -3.33612 -5.32489
127.9 0.846292 -0.532709 3.34721 5.31722
128.4 -0.844975 0.534619 -3.35953 -5.31015
128.899 0.843939 -0.536428 3.37058 5.30244
129.399 -0.842613 0.538333 -3.38287 -5.29531
129.899 0.84157 -0.540138 3.39389 5.28755
130.398 -0.840235 0.542038 -3.40615 -5.28036
130.898 0.839184 -0.543837 3.41713 5.27256
131.397 -0.837841 0.545732 -3.42937 -5.26531
131.897 0.836782 -0.547525 3.44031 5.25747
132.397 -0.83543 0.549416 -3.45251 -5.25016
132.896 0.834363 -0.551204 3.46342 5.24227
133.396 -0.833003 0.553089 -3.4756 -5.23491
133.895 0.831928 -0.554871 3.48647 5.22697
134.395 -0.830559 0.556751 -3.49861 -5.21956
134.895 0.829477 -0.558529 3.50945 5.21157
135.394 -0.8281 0.560404 -3.52156 -5.2041
135.894 0.82701 -0.562175 3.53236 5.19607
136.394 -0.825624 0.564045 -3.54444 -5.18854
136.893 0.824527 -0.565811 3.5552 5.18047
137.393 -0.823132 0.567675 -3.56725 -5.17288
137.892 0.822027 -0.569436 3.57798 5.16476
138.392 -0.820624 0.571295 -3.59 -5.15712
138.892 0.819512 -0.57305 3.60069 5.14896
139.391 -0.8181 0.574904 -3.61268 -5.14126
139.891 0.816981 -0.576653 3.62333 5.13305
140.39 -0.815561 0.578501 -3.63528 -5.1253
140.89 0.814433 -0.580245 3.6459 5.11705
141.39 -0.813005 0.582088 -3.65782 -5.10924
141.889 0.81187 -0.583826 3.6684 5.10094
142.389 -0.810433 0.585664 -3.68029 -5.09308
142.888 0.809291 -0.587396 3.69083 5.08474
143.388 -0.807845 0.589228 -3.70269 -5.07682
143.888 0.806696 -0.590954 3.71319 5.06843
144.387 -0.805242 0.592781 -3.72501 -5.06046
144.887 0.804085 -0.594502 3.73548 5.05203
145.387 -0.802623 0.596323 -3.74727 -5.044
145.886 0.801458 -0.598037 3.7577 5.03553
146.386 -0.799988 0.599853 -3.76945 -5.02744
146.885 0.798816 -0.601562 3.77985 5.01892
147.385 -0.797338 0.603372 -3.79156 -5.01078
147.885 0.796159 -0.605075 3.80192 5.00223
148.384 -0.794672 0.606879 -3.8136 -4.99403
148.884 0.793485 -0.608576 3.82392 4.98543
149.383 -0.79199 0.610375 -3.83557 -4.97718
149.883 0.790796 -0.612066 3.84585 4.96853
150.383 -0.789293 0.613859 -3.85746 -4.96023
150.882 0.788092 -0.615544 3.8677 4.95154
151.382 -0.786581 0.617331 -3.87928 -4.94318
151.881 0.785372 -0.61901 3.88948 4.93445
152.381 -0.783853 0.620791 -3.90102 -4.92604
152.881 0.782637 -0.622464 3.91118 4.91727
153.38 -0.78111 0.624239 -3.92269 -4.9088
153.88 0.779887 -0.625906 3.93281 4.89999
154.379 -0.778351 0.627676 -3.94428 -4.89147
154.879 0.777121 -0.629337 3.95437 4.88261
155.379 -0.775577 0.6311 -3.9658 -4.87403
155.878 0.77434 -0.632755 3.97585 4.86514
156.378 -0.772788 0.634513 -3.98724 -4.85651
156.878 0.771544 -0.636161 3.99725 4.84757
157.377 -0.769984 0.637913 -4.00861 -4.83889
157.877 0.768733 -0.639555 4.01858 4.82991
158.376 -0.767165 0.6413 -4.0299 -4.82117
158.876 0.765907 -0.642936 4.03982 4.81215
159.376 -0.764331 0.644676 -4.05111 -4.80336
159.875 0.763066 -0.646306 4.06099 4.7943
160.375 -0.761482 0.648039 -4.07224 -4.78546
160.874 0.76021 -0.649663 4.08209 4.77635
161.374 -0.758618 0.65139 -4.0933 -4.76746
161.874 0.757339 -0.653007 4.1031 4.75831
162.373 -0.755739 0.654728 -4.11427 -4.74937
162.873 0.754453 -0.656339 4.12404 4.74018
163.372 -0.752845 0.658054 -4.13517 -4.73118
163.872 0.751552 -0.659658 4.14489 4.72196
164.372 -0.749937 0.661367 -4.15599 -4.7129
164.871 0.748637 -0.662965 4.16567 4.70364
165.371 -0.747014 0.664667 -4.17672 -4.69453
165.871 0.745707 -0.666258 4.18637 4.68523
166.37 -0.744076 0.667954 -4.19738 -4.67607
166.87 0.742762 -0.669539 4.20699 4.66673
167.369 -0.741123 0.671229 -4.21796 -4.65752
167.869 0.739803 -0.672808 4.22752 4.64813
168.369 -0.738156 0.674491 -4.23845 -4.63887
168.868 0.736829 -0.676063 4.24797 4.62945
169.368 -0.735175 0.677739 -4.25887 -4.62014
169.867 0.733841 -0.679305 4.26835 4.61067
170.367 -0.732179 0.680975 -4.2792 -4.60131
170.867 0.730838 -0.682534 4.28864 4.59181
171.366 -0.729169 0.684198 -4.29945 -4.58239
171.866 0.727822 -0.68575 4.30885 4.57285
172.365 -0.726144 0.687407 -4.31962 -4.56338
172.865 0.72479 -0.688953 4.32897 4.55381
173.365 -0.723105 0.690603 -4.3397 -4.54429
173.864 0.721745 -0.692142 4.34901 4.53467
174.364 -0.720052 0.693786 -4.3597 -4.5251
174.864 0.718685 -0.695319 4.36897 4.51545
175.363 -0.716985 0.696956 -4.37962 -4.50583
175.863 0.715612 -0.698481 4.38884 4.49613
176.362 -0.713904 0.700112 -4.39945 -4.48646
176.862 0.712524 -0.701631 4.40863 4.47673
177.362 -0.710809 0.703254 -4.4192 -4.46701
177.861 0.709422 -0.704767 4.42834 4.45724
178.361 -0.707699 0.706384 -4.43886 -4.44747
178.86 0.706306 -0.707889 4.44796 4.43767
179.36 -0.704576 0.709499 -4.45844 -4.42785
179.86 0.703177 -0.710998 4.46749 4.418
180.359 -0.701439 0.712601 -4.47793 -4.40813
180.859 0.700033 -0.714093 4.48694 4.39825
181.358 -0.698288 0.715689 -4.49733 -4.38833
181.858 0.696876 -0.717174 4.5063 4.37841
182.358 -0.695124 0.718763 -4.51665 -4.36845
182.857 0.693705 -0.720241 4.52557 4.35849
183.357 -0.691946 0.721824 -4.53588 -4.34847
183.856 0.690521 -0.723295 4.54476 4.33848
184.356 -0.688754 0.72487 -4.55502 -4.32842
184.856 0.687323 -0.726334 4.56386 4.31839
185.355 -0.685549 0.727902 -4.57408 -4.30827
185.855 0.684111 -0.72936 4.58287 4.29821
186.355 -0.68233 0.730921 -4.59304 -4.28805
186.854 0.680886 -0.732371 4.60179 4.27794
187.354 -0.679098 0.733925 -4.61192 -4.26773
187.853 0.677647 -0.735368 4.62063 4.2576
188.353 -0.675852 0.736915 -4.63071 -4.24734
188.853 0.674396 -0.738351 4.63937 4.23716
189.352 -0.672593 0.739891 -4.64941 -4.22686
189.852 0.671131 -0.74132 4.65803 4.21665
190.351 -0.669321 0.742853 -4.66802 -4.2063
190.851 0.667852 -0.744275 4.67659 4.19605
191.351 -0.666035 0.7458 -4.68654 -4.18565
191.85 0.664561 -0.747215 4.69507 4.17537
192.35 -0.662737 0.748733 -4.70497 -4.16492
192.849 0.661256 -0.750141 4.71345 4.15461
193.349 -0.659425 0.751652 -4.72331 -4.14411
193.849 0.657939 -0.753052 4.73175 4.13376
194.348 -0.656101 0.754556 -4.74155 -4.12322
194.848 0.654608 -0.755949 4.74995 4.11284
195.348 -0.652763 0.757445 -4.75971 -4.10225
195.847 0.651265 -0.758831 4.76806 4.09183
196.347 -0.649413 0.76032 -4.77777 -4.08119
196.846 0.647909 -0.761698 4.78608 4.07074
197.346 -0.64605 0.76318 -4.79574 -4.06006
197.846 0.64454 -0.764551 4.804 4.04957
198.345 -0.642674 0.766025 -4.81362 -4.03884
198.845 0.641158 -0.767389 4.82183 4.02832
199.344 -0.639286 0.768855 -4.83141 -4.01755
199.844 0.637763 -0.770212 4.83957 4.007
200.344 -0.635884 0.771671 -4.8491 -3.99618
200.843 0.634356 -0.77302 4.85722 3.98559
201.343 -0.632471 0.774472 -4.86669 -3.97472
201.842 0.630937 -0.775813 4.87477 3.9641
202.342 -0.629044 0.777257 -4.8842 -3.95319
202.842 0.627505 -0.778592 4.89223 3.94254
203.341 -0.625606 0.780028 -4.90161 -3.93158
203.841 0.624061 -0.781355 4.90959 3.9209
204.34 -0.622155 0.782783 -4.91892 -3.9099
204.84 0.620604 -0.784103 4.92686 3.89918
205.34 -0.618692 0.785524 -4.93614 -3.88813
205.839 0.617135 -0.786836 4.94403 3.87738
206.339 -0.615216 0.788249 -4.95327 -3.86629
206.839 0.613654 -0.789554 4.96111 3.85551
207.338 -0.611729 0.790959 -4.97029 -3.84438
207.838 0.610161 -0.792256 4.97809 3.83356
208.337 -0.608229 0.793653 -4.98722 -3.82239
208.837 0.606656 -0.794943 4.99498 3.81154
209.337 -0.604717 0.796333 -5.00406 -3.80032
209.836 0.603139 -0.797615 5.01176 3.78944
210.336 -0.601194 0.798996 -5.0208 -3.77817
210.835 0.599609 -0.800271 5.02846 3.76726
211.335 -0.597658 0.801645 -5.03744 -3.75596
211.835 0.596068 -0.802912 5.04505 3.74501
212.334 -0.594111 0.804278 -5.05398 -3.73366
212.834 0.592516 -0.805537 5.06154 3.72269
213.333 -0.590552 0.806895 -5.07043 -3.7113
213.833 0.588951 -0.808146 5.07794 3.70029
214.333 -0.586981 0.809496 -5.08677 -3.68886
214.832 0.585375 -0.81074 5.09424 3.67782
215.332 -0.583398 0.812082 -5.10302 -3.66635
215.832 0.581787 -0.813318 5.11044 3.65528
216.331 -0.579804 0.814652 -5.11917 -3.64376
216.831 0.578188 -0.815881 5.12654 3.63267
217.33 -0.576199 0.817207 -5.13522 -3.62111
217.83 0.574577 -0.818427 5.14255 3.60998
218.33 -0.572582 0.819745 -5.15117 -3.59838
218.829 0.570955 -0.820958 5.15845 3.58722
219.329 -0.568954 0.822268 -5.16702 -3.57558
219.828 0.567322 -0.823473 5.17425 3.56439
220.328 -0.565314 0.824774 -5.18277 -3.55271
220.828 0.563677 -0.825972 5.18995 3.54149
221.327 -0.561664 0.827265 -5.19842 -3.52977
221.827 0.560022 -0.828455 5.20556 3.51852
222.326 -0.558002 0.82974 -5.21397 -3.50675
222.826 0.556355 -0.830921 5.22106 3.49548
223.326 -0.554329 0.832198 -5.22942 -3.48367
223.825 0.552677 -0.833372 5.23645 3.47237
224.325 -0.550645 0.834641 -5.24476 -3.46053
224.825 0.548988 -0.835806 5.25175 3.44919
225.324 -0.546951 0.837067 -5.26001 -3.43731
225.824 0.545288 -0.838225 5.26695 3.42595
226.323 -0.543245 0.839477 -5.27515 -3.41402
226.823 0.541578 -0.840626 5.28204 3.40263
227.323 -0.539529 0.84187 -5.29019 -3.39067
227.822 0.537856 -0.843012 5.29703 3.37925
228.322 -0.535802 0.844247 -5.30513 -3.36725
228.821 0.534124 -0.845381 5.31192 3.3558
229.321 -0.532064 0.846608 -5.31996 -3.34376
229.821 0.530382 -0.847734 5.3267 3.33229
230.32 -0.528316 0.848953 -5.33469 -3.3202
230.82 0.526629 -0.85007 5.34139 3.30871
231.319 -0.524557 0.85128 -5.34932 -3.29658
231.819 0.522865 -0.85239 5.35596 3.28506
232.319 -0.520788 0.853592 -5.36384 -3.2729
232.818 0.519091 -0.854694 5.37044 3.26135
233.318 -0.517008 0.855887 -5.37826 -3.24915
233.817 0.515307 -0.85698 5.38481 3.23757
234.317 -0.513218 0.858165 -5.39257 -3.22533
234.817 0.511513 -0.85925 5.39907 3.21373
235.316 -0.509418 0.860426 -5.40678 -3.20145
235.816 0.507708 -0.861504 5.41323 3.18982
236.316 -0.505608 0.862671 -5.42089 -3.17751
236.815 0.503893 -0.86374 5.42728 3.16585
237.315 -0.501788 0.864899 -5.43488 -3.1535
237.814 0.500069 -0.86596 5.44123 3.14182
238.314 -0.497958 0.86711 -5.44878 -3.12943
238.814 0.496234 -0.868163 5.45508 3.11772
239.313 -0.494118 0.869304 -5.46256 -3.1053
239.813 0.492389 -0.870349 5.46881 3.09357
240.312 -0.490268 0.871481 -5.47625 -3.08111
240.812 0.488535 -0.872518 5.48244 3.06935
241.312 -0.486408 0.873642 -5.48982 -3.05686
241.811 0.484671 -0.87467 5.49597 3.04507
242.311 -0.482539 0.875785 -5.50329 -3.03254
242.81 0.480797 -0.876805 5.50938 3.02073
243.31 -0.47866 0.877911 -5.51665 -3.00817
243.81 0.476914 -0.878923 5.52269 2.99633
244.309 -0.474772 0.880021 -5.5299 -2.98373
244.809 0.473021 -0.881024 5.5359 2.97187
245.309 -0.470874 0.882113 -5.54304 -2.95924
245.808 0.469119 -0.883108 5.54899 2.94735
246.308 -0.466966 0.884188 -5.55608 -2.93468
246.807 0.465207 -0.885175 5.56198 2.92277
247.307 -0.46305 0.886245 -5.56901 -2.91007
247.807 0.461286 -0.887224 5.57485 2.89814
248.306 -0.459124 0.888286 -5.58183 -2.8854
248.806 0.457356 -0.889256 5.58762 2.87344
249.305 -0.455189 0.890309 -5.59454 -2.86067
249.805 0.453417 -0.891271 5.60029 2.84869
250.305 -0.451245 0.892315 -5.60714 -2.83589
250.804 0.449469 -0.893268 5.61284 2.82388
251.304 -0.447292 0.894303 -5.61964 -2.81105
251.803 0.445512 -0.895248 5.62528 2.79902
252.303 -0.44333 0.896274 -5.63202 -2.78615
252.803 0.441546 -0.897211 5.63761 2.7741
253.302 -0.439359 0.898227 -5.6443 -2.7612
253.802 0.437571 -0.899156 5.64983 2.74912
254.301 -0.435379 0.900163 -5.65646 -2.73619
254.801 0.433587 -0.901083 5.66195 2.72409
255.301 -0.431391 0.902082 -5.66851 -2.71113
255.8 0.429595 -0.902993 5.67395 2.69901
256.3 -0.427394 0.903983 -5.68046 -2.68601
256.8 0.425594 -0.904885 5.68584 2.67387
257.299 -0.423388 0.905866 -5.69229 -2.66084
257.799 0.421585 -0.90676 5.69762 2.64868
258.298 -0.419374 0.907731 -5.70401 -2.63561
258.798 0.417567 -0.908617 5.70929 2.62343
259.298 -0.415352 0.909579 -5.71562 -2.61034
259.797 0.41354 -0.910456 5.72085 2.59813
260.297 -0.411321 0.911409 -5.72712 -2.58501
260.796 0.409506 -0.912278 5.7323 2.57278
261.296 -0.407282 0.913222 -5.7385 -2.55963
261.796 0.405463 -0.914082 5.74363 2.54738
262.295 -0.403235 0.915016 -5.74978 -2.5342
262.795 0.401413 -0.915868 5.75485 2.52193
263.294 -0.39918 0.916793 -5.76094 -2.50871
263.794 0.397354 -0.917636 5.76596 2.49642
264.294 -0.395116 0.918551 -5.77199 -2.48318
264.793 0.393287 -0.919386 5.77696 2.47087
265.293 -0.391045 0.920292 -5.78293 -2.4576
265.793 0.389212 -0.921118 5.78785 2.44527
266.292 -0.386966 0.922015 -5.79375 -2.43197
266.792 0.38513 -0.922832 5.79862 2.41962
267.291 -0.38288 0.92372 -5.80446 -2.40628
267.791 0.38104 -0.924528 5.80928 2.39392
268.291 -0.378785 0.925407 -5.81506 -2.38056
268.79 0.376942 -0.926206 5.81982 2.36817
269.29 -0.374683 0.927075 -5.82555 -2.35478
269.789 0.372836 -0.927866 5.83025 2.34237
270.289 -0.370574 0.928726 -5.83592 -2.32895
270.789 0.368723 -0.929508 5.84057 2.31653
271.288 -0.366457 0.930358 -5.84617 -2.30308
271.788 0.364603 -0.931132 5.85078 2.29064
272.287 -0.362332 0.931973 -5.85632 -2.27717
272.787 0.360475 -0.932737 5.86087 2.2647
273.287 -0.358201 0.933569 -5.86634 -2.2512
273.786 0.35634 -0.934325 5.87084 2.23872
274.286 -0.354062 0.935146 -5.87626 -2.2252
274.786 0.352198 -0.935894 5.8807 2.21269
275.285 -0.349916 0.936706 -5.88605 -2.19914
275.785 0.348049 -0.937444 5.89045 2.18662
276.284 -0.345763 0.938247 -5.89574 -2.17305
276.784 0.343893 -0.938977 5.90008 2.16051
277.284 -0.341603 0.93977 -5.90531 -2.14691
277.783 0.33973 -0.940491 5.90959 2.13435
278.283 -0.337436 0.941274 -5.91476 -2.12072
278.782 0.33556 -0.941986 5.91899 2.10815
279.282 -0.333262 0.94276 -5.92409 -2.09449
279.782 0.331383 -0.943464 5.92827 2.0819
280.281 -0.329082 0.944228 -5.93331 -2.06822
280.781 0.3272 -0.944922 5.93744 2.05562
281.28 -0.324895 0.945677 -5.94242 -2.04191
281.78 0.32301 -0.946363 5.94649 2.02929
282.28 -0.320701 0.947108 -5.95141 -2.01556
282.779 0.318813 -0.947784 5.95543 2.00292
283.279 -0.316501 0.94852 -5.96028 -1.98917
283.778 0.31461 -0.949188 5.96424 1.97651
284.278 -0.312295 0.949913 -5.96903 -1.96274
284.778 0.310401 -0.950572 5.97295 1.95006
285.277 -0.308082 0.951288 -5.97767 -1.93626
285.777 0.306185 -0.951938 5.98153 1.92358
286.277 -0.303863 0.952645 -5.98619 -1.90975
286.776 0.301963 -0.953286 5.99 1.89705
287.276 -0.299638 0.953982 -5.9946 -1.8832
287.775 0.297736 -0.954614 5.99835 1.87048
288.275 -0.295407 0.955301 -6.00288 -1.85661
288.775 0.293502 -0.955924 6.00658 1.84388
289.274 -0.29117 0.956602 -6.01105 -1.82999
289.774 0.289262 -0.957216 6.0147 1.81724
290.273 -0.286926 0.957883 -6.0191 -1.80332
290.773 0.285016 -0.958488 6.02269 1.79056
291.273 -0.282678 0.959146 -6.02704 -1.77662
291.772 0.280764 -0.959742 6.03057 1.76384
292.272 -0.278423 0.96039 -6.03485 -1.74989
292.771 0.276507 -0.960977 6.03833 1.73709
293.271 -0.274163 0.961615 -6.04255 -1.72312
293.771 0.272244 -0.962193 6.04598 1.71031
294.27 -0.269897 0.962821 -6.05013 -1.69631
294.77 0.267976 -0.96339 6.0535 1.68349
295.27 -0.265625 0.964009 -6.05759 -1.66947
295.769 0.263702 -0.964569 6.06091 1.65663
296.269 -0.261348 0.965177 -6.06493 -1.6426
296.768 0.259423 -0.965728 6.06819 1.62975
297.268 -0.257066 0.966327 -6.07215 -1.61569
297.768 0.255138 -0.966869 6.07536 1.60282
298.267 -0.252779 0.967457 -6.07925 -1.58875
298.767 0.250849 -0.96799 6.08241 1.57587
299.266 -0.248486 0.968569 -6.08624 -1.56177
299.766 0.246554 -0.969093 6.08934 1.54888
300.266 -0.244189 0.969662 -6.0931 -1.53477
300.765 0.242254 -0.970177 6.09615 1.52187
301.265 -0.239886 0.970735 -6.09985 -1.50773
301.764 0.237949 -0.971241 6.10284 1.49482
302.264 -0.235579 0.97179 -6.10647 -1.48066
302.764 0.23364 -0.972287 6.10941 1.46774
303.263 -0.231267 0.972825 -6.11298 -1.45357
303.763 0.229325 -0.973313 6.11586 1.44063
304.262 -0.22695 0.973842 -6.11936 -1.42644
304.762 0.225006 -0.97432 6.12219 1.41349
305.262 -0.222628 0.974839 -6.12563 -1.39928
305.761 0.220682 -0.975309 6.1284 1.38632
306.261 -0.218302 0.975817 -6.13177 -1.3721
306.761 0.216354 -0.976278 6.13449 1.35912
307.26 -0.213971 0.976776 -6.1378 -1.34488
307.76 0.212021 -0.977227 6.14046 1.3319
308.259 -0.209636 0.977716 -6.1437 -1.31764
308.759 0.207684 -0.978158 6.14631 1.30465
309.259 -0.205296 0.978637 -6.14948 -1.29037
309.758 0.203343 -0.97907 6.15204 1.27737
310.258 -0.200953 0.979538 -6.15515 -1.26308
310.757 0.198997 -0.979962 6.15765 1.25006
311.257 -0.196605 0.98042 -6.16069 -1.23576
311.757 0.194648 -0.980835 6.16314 1.22273
312.256 -0.192253 0.981283 -6.16611 -1.20841
312.756 0.190294 -0.981689 6.1685 1.19538
313.255 -0.187897 0.982127 -6.17141 -1.18104
313.755 0.185936 -0.982523 6.17375 1.16799
314.255 -0.183538 0.982951 -6.17659 -1.15365
314.754 0.181575 -0.983338 6.17887 1.14059
315.254 -0.179174 0.983756 -6.18164 -1.12623
315.754 0.17721 -0.984134 6.18387 1.11316
316.253 -0.174807 0.984542 -6.18658 -1.09878
316.753 0.172841 -0.98491 6.18875 1.08571
317.252 -0.170436 0.985308 -6.19139 -1.07132
317.752 0.168468 -0.985668 6.19351 1.05823
318.252 -0.166062 0.986055 -6.19608 -1.04383
318.751 0.164093 -0.986405 6.19815 1.03074
319.251 -0.161684 0.986783 -6.20065 -1.01632
319.75 0.159713 -0.987124 6.20266 1.00322
320.25 -0.157302 0.987491 -6.2051 -0.988791
320.75 0.15533 -0.987822 6.20705 0.975681
321.249 -0.152918 0.988179 -6.20943 -0.96124
321.749 0.150944 -0.988502 6.21132 0.948121
322.248 -0.14853 0.988849 -6.21363 -0.933668
322.748 0.146555 -0.989162 6.21547 0.920542
323.248 -0.144139 0.989499 -6.21771 -0.906078
323.747 0.142163 -0.989803 6.2195 0.892943
324.247 -0.139745 0.990129 -6.22167 -0.878468
324.747 0.137768 -0.990424 6.2234 0.865326
325.246 -0.135349 0.99074 -6.22551 -0.850839
325.746 0.13337 -0.991025 6.22719 0.83769
326.245 -0.130949 0.991331 -6.22922 -0.823193
326.745 0.128969 -0.991607 6.23084 0.810037
327.245 -0.126547 0.991903 -6.23282 -0.795529
327.744 0.124565 -0.99217 6.23438 0.782366
328.244 -0.122141 0.992455 -6.23629 -0.767848
328.743 0.120159 -0.992713 6.23779 0.754679
329.243 -0.117734 0.992988 -6.23963 -0.740151
329.743 0.11575 -0.993237 6.24109 0.726975
330.242 -0.113323 0.993501 -6.24285 -0.712439
330.742 0.111339 -0.99374 6.24425 0.699257
331.241 -0.108911 0.993995 -6.24595 -0.684711
331.741 0.106925 -0.994225 6.2473 0.671523
332.241 -0.104496 0.994469 -6.24893 -0.656968
332.74 0.102509 -0.99469 6.25022 0.643774
333.24 -0.100079 0.994924 -6.25179 -0.629212
333.739 0.0980907 -0.995135 6.25302 0.616012
334.239 -0.0956592 0.995359 -6.25452 -0.601441
334.739 0.0936704 -0.99556 6.25569 0.588237
335.238 -0.0912377 0.995774 -6.25713 -0.573658
335.738 0.089248 -0.995966 6.25825 0.560448
336.238 -0.0868143 0.99617 -6.25961 -0.545862
336.737 0.0848236 -0.996353 6.26067 0.532648
337.237 -0.0823889 0.996546 -6.26197 -0.518055
337.736 0.0803974 -0.996719 6.26298 0.504835
338.236 -0.0779617 0.996902 -6.26421 -0.490236
338.736 0.0759695 -0.997066 6.26516 0.477012
339.235 -0.0735328 0.997239 -6.26632 -0.462406
339.735 0.0715398 -0.997394 6.26722 0.449178
340.234 -0.0691022 0.997556 -6.26831 -0.434565
340.734 0.0671085 -0.997702 6.26916 0.421333
341.234 -0.0646701 0.997853 -6.27018 -0.406715
341.733 0.0626758 -0.99799 6.27097 0.39348
342.233 -0.0602365 0.998131 -6.27192 -0.378856
342.732 0.0582416 -0.998258 6.27265 0.365617
343.232 -0.0558016 0.998389 -6.27354 -0.350988
343.732 0.053806 -0.998507 6.27422 0.337746
344.231 -0.0513653 0.998627 -6.27504 -0.323112
344.731 0.0493692 -0.998736 6.27566 0.309867
345.231 -0.0469279 0.998846 -6.27641 -0.295229
345.73 0.0449312 -0.998945 6.27698 0.28198
346.23 -0.0424893 0.999045 -6.27766 -0.267338
346.729 0.0404922 -0.999134 6.27817 0.254087
347.229 -0.0380497 0.999224 -6.27878 -0.239441
347.729 0.0360522 -0.999304 6.27924 0.226188
348.228 -0.0336092 0.999383 -6.27978 -0.211539
348.728 0.0316112 -0.999454 6.28018 0.198283
349.227 -0.0291678 0.999523 -6.28066 -0.18363
349.727 0.0271695 -0.999585 6.281 0.170373
350.227 -0.0247256 0.999643 -6.28141 -0.155717
350.726 0.022727 -0.999695 6.2817 0.142458
351.226 -0.0202828 0.999743 -6.28204 -0.1278
351.725 0.0182839 -0.999786 6.28227 0.114539
352.225 -0.0158394 0.999824 -6.28255 -0.0998791
352.725 0.0138402 -0.999857 6.28272 0.0866168
353.224 -0.0113955 0.999885 -6.28293 -0.071955
353.724 0.00939611 -0.999909 6.28304 0.0586915
354.223 -0.00695111 0.999926 -6.28318 -0.0440283
354.723 0.0049516 -0.999941 6.28324 0.0307639
355.223 -0.00250643 0.999947 -6.28331 -0.0160995
355.722 0.000506807 -0.999952 6.28332 0.00283454
356.222 0.00193848 0.999949 -6.28332 0.0118307
356.722 -0.00393819 -0.999945 6.28327 -0.0250962
357.221 0.00638355 0.99993 -6.28321 0.0397619
357.721 -0.0083833 -0.999917 6.2831 -0.0530276
358.22 0.0108287 0.999892 -6.28297 0.0676935
358.72 -0.0128284 -0.99987 6.2828 -0.0809591
359.22 0.0152738 0.999835 -6.2826 0.0956249
359.719 -0.0172735 -0.999803 6.28238 -0.10889
360.219 0.0197188 0.999757 -6.28211 0.123556
360.718 -0.0217184 -0.999716 6.28184 -0.136821
361.218 0.0241636 0.99966 -6.2815 0.151485
361.718 -0.0261631 -0.999609 6.28117 -0.164749
362.217 0.0286081 0.999543 -6.28076 0.179413
362.717 -0.0306074 -0.999482 6.28038 -0.192676
363.216 0.0330522 0.999406 -6.2799 0.207338
363.716 -0.0350514 -0.999336 6.27946 -0.2206
364.216 0.0374959 0.999249 -6.27891 0.23526
364.715 -0.0394948 -0.99917 6.27842 -0.248521
365.215 0.041939 0.999073 -6.27781 0.263179
365.715 -0.0439377 -0.998985 6.27725 -0.276438
366.214 0.0463815 0.998877 -6.27657 0.291094
366.714 -0.0483798 -0.998779 6.27596 -0.304352
367.213 0.0508233 0.998661 -6.27521 0.319004
367.713 -0.0528212 -0.998554 6.27455 -0.33226
368.213 0.0552642 0.998425 -6.27373 0.346909
368.712 -0.0572618 -0.998309 6.27301 -0.360163
369.212 0.0597042 0.99817 -6.27212 0.374809
369.711 -0.0617014 -0.998044 6.27135 -0.38806
370.211 0.0641433 0.997895 -6.27039 0.402702
370.711 -0.06614 -0.997759 6.26956 -0.41595
371.21 0.0685813 0.9976 -6.26854 0.430588
371.71 -0.0705774 -0.997455 6.26765 -0.443834
372.209 0.0730181 0.997285 -6.26656 0.458467
372.709 -0.0750137 -0.997131 6.26561 -0.471709
373.209 0.0774536 0.996951 -6.26446 0.486338
373.708 -0.0794486 -0.996787 6.26346 -0.499577
374.208 0.0818878 0.996597 -6.26223 0.514201
374.708 -0.0838822 -0.996424 6.26117 -0.527436
375.207 0.0863206 0.996223 -6.25988 0.542055
375.707 -0.0883143 -0.996041 6.25877 -0.555286
376.206 0.0907518 0.995829 -6.2574 0.569899
376.706 -0.0927448 -0.995638 6.25623 -0.583126
377.206 0.0951815 0.995416 -6.2548 0.597733
377.705 -0.0971737 -0.995215 6.25358 -0.610956
378.205 0.0996095 0.994983 -6.25208 0.625556
378.704 -0.101601 -0.994772 6.2508 -0.638775
379.204 0.104036 0.99453 -6.24923 0.653368
379.704 -0.106026 -0.99431 6.2479 -0.666582
380.203 0.10846 0.994057 -6.24626 0.681168
380.703 -0.11045 -0.993828 6.24487 -0.694378
381.202 0.112882 0.993565 -6.24317 0.708957
381.702 -0.114871 -0.993327 6.24172 -0.722161
382.202 0.117303 0.993053 -6.23995 0.736732
382.701 -0.11929 -0.992806 6.23845 -0.749931
383.201 0.121721 0.992522 -6.23661 0.764493
383.7 -0.123708 -0.992265 6.23505 -0.777687
384.2 0.126137 0.99197 -6.23314 0.792241
384.7 -0.128123 -0.991704 6.23153 -0.805429
385.199 0.13055 0.9914 -6.22955 0.819974
385.699 -0.132535 -0.991124 6.22788 -0.833156
386.199 0.134962 0.990809 -6.22584 0.847693
386.698 -0.136945 -0.990524 6.22411 -0.860868
387.198 0.13937 0.990199 -6.222 0.875395
387.697 -0.141353 -0.989904 6.22022 -0.888564
388.197 0.143776 0.989569 -6.21804 0.903081
388.697 -0.145758 -0.989265 6.21621 -0.916244
389.196 0.14818 0.988919 -6.21396 0.930751
389.696 -0.15016 -0.988606 6.21207 -0.943907
390.195 0.152581 0.98825 -6.20976 0.958403
390.695 -0.15456 -0.987928 6.20781 -0.971552
391.195 0.156979 0.987561 -6.20543 0.986038
391.694 -0.158956 -0.987229 6.20342 -0.999179
392.194 0.161374 0.986853 -6.20097 1.01365
392.693 -0.16335 -0.986512 6.19891 -1.02679
393.193 0.165766 0.986125 -6.1964 1.04125
393.693 -0.16774 -0.985774 6.19428 -1.05438
394.192 0.170155 0.985377 -6.1917 1.06883
394.692 -0.172128 -0.985018 6.18953 -1.08195
395.192 0.17454 0.98461 -6.18688 1.09639
395.691 -0.176512 -0.984241 6.18465 -1.1095
396.191 0.178923 0.983824 -6.18193 1.12392
396.69 -0.180893 -0.983445 6.17965 -1.13702
397.19 0.183302 0.983017 -6.17686 1.15144
397.69 -0.185271 -0.98263 6.17452 -1.16453
398.189 0.187678 0.982192 -6.17167 1.17893
398.689 -0.189645 -0.981795 6.16928 -1.19202
399.188 0.19205 0.981346 -6.16636 1.20641
399.688 -0.194015 -0.98094 6.16391 -1.21948
400.188 0.196418 0.980482 -6.16093 1.23386
400.687 -0.198382 -0.980066 6.15842 -1.24692
401.187 0.200783 0.979597 -6.15537 1.26128
401.686 -0.202745 -0.979173 6.15281 -1.27434
402.186 0.205144 0.978694 -6.14969 1.28868
402.686 -0.207104 -0.97826 6.14707 -1.30173
403.185 0.209501 0.977771 -6.14388 1.31606
403.685 -0.21146 -0.977327 6.14121 -1.3291
404.184 0.213854 0.976828 -6.13796 1.34341
404.684 -0.215811 -0.976375 6.13523 -1.35644
405.184 0.218203 0.975866 -6.13191 1.37074
405.683 -0.220158 -0.975404 6.12913 -1.38376
406.183 0.222548 0.974884 -6.12575 1.39804
406.683 -0.224501 -0.974413 6.12291 -1.41105
407.182 0.226889 0.973884 -6.11946 1.42532
407.682 -0.22884 -0.973403 6.11656 -1.43831
408.181 0.231225 0.972863 -6.11304 1.45256
408.681 -0.233174 -0.972374 6.1101 -1.46555
409.181 0.235557 0.971824 -6.10651 1.47978
409.68 -0.237504 -0.971325 6.10351 -1.49276
410.18 0.239885 0.970765 -6.09985 1.50698
410.679 -0.24183 -0.970257 6.0968 -1.51994
411.179 0.244207 0.969687 -6.09308 1.53414
411.679 -0.246151 -0.96917 6.08996 -1.54709
412.178 0.248526 0.968589 -6.08618 1.56127
412.678 -0.250467 -0.968063 6.08301 -1.57421
413.177 0.252839 0.967473 -6.07916 1.58838
413.677 -0.254778 -0.966937 6.07594 -1.6013
414.177 0.257148 0.966337 -6.07202 1.61545
414.676 -0.259084 -0.965792 6.06874 -1.62836
415.176 0.261452 0.965181 -6.06476 1.64249
415.676 -0.263386 -0.964628 6.06143 -1.65539
416.175 0.26575 0.964007 -6.05738 1.6695
416.675 -0.267682 -0.963444 6.05399 -1.68239
417.174 0.270044 0.962813 -6.04988 1.69648
417.674 -0.271974 -0.962241 6.04643 -1.70935
418.174 0.274332 0.9616 -6.04225 1.72343
418.673 -0.27626 -0.961019 6.03876 -1.73629
419.173 0.278616 0.960368 -6.03451 1.75034
419.672 -0.280541 -0.959778 6.03096 -1.76319
420.172 0.282893 0.959117 -6.02665 1.77722
420.672 -0.284816 -0.958518 6.02304 -1.79005
421.171 0.287166 0.957847 -6.01867 1.80406
421.671 -0.289086 -0.957238 6.015 -1.81688
422.17 0.291433 0.956558 -6.01056 1.83087
422.67 -0.29335 -0.95594 6.00685 -1.84368
423.17 0.295694 0.955249 -6.00234 1.85765
423.669 -0.297609 -0.954622 5.99857 -1.87044
424.169 0.29995 0.953922 -5.994 1.88439
424.669 -0.301862 -0.953286 5.99017 -1.89716
425.168 0.304199 0.952575 -5.98554 1.91109
425.668 -0.306109 -0.95193 5.98165 -1.92385
426.167 0.308443 0.95121 -5.97695 1.93776
426.667 -0.31035 -0.950556 5.97302 -1.9505
427.167 0.312681 0.949826 -5.96825 1.96439
427.666 -0.314585 -0.949162 5.96426 -1.97712
428.166 0.316913 0.948422 -5.95943 1.99098
428.665 -0.318815 -0.94775 5.95539 -2.00369
429.165 0.321139 0.947 -5.9505 2.01753
429.665 -0.323038 -0.946319 5.9464 -2.03023
430.164 0.325359 0.945559 -5.94144 2.04404
430.664 -0.327254 -0.944869 5.93729 -2.05673
431.163 0.329572 0.944099 -5.93226 2.07052
431.663 -0.331465 -0.9434 5.92806 -2.08318
432.163 0.333779 0.94262 -5.92297 2.09695
432.662 -0.335669 -0.941912 5.91871 -2.1096
433.162 0.337979 0.941122 -5.91356 2.12335
433.661 -0.339866 -0.940405 5.90924 -2.13598
434.161 0.342173 0.939606 -5.90403 2.1497
434.661 -0.344057 -0.93888 5.89966 -2.16231
435.16 0.346361 0.938071 -5.89438 2.17601
435.66 -0.348242 -0.937335 5.88996 -2.18861
436.16 0.350541 0.936517 -5.88461 2.20228
436.659 -0.352419 -0.935772 5.88014 -2.21486
437.159 0.354715 0.934944 -5.87473 2.2285
437.658 -0.35659 -0.934191 5.8702 -2.24107
438.158 0.358882 0.933353 -5.86473 2.25469
438.658 -0.360754 -0.932591 5.86014 -2.26723
439.157 0.363042 0.931743 -5.85461 2.28082
439.657 -0.364911 -0.930972 5.84997 -2.29335
440.156 0.367195 0.930114 -5.84438 2.30692
440.656 -0.36906 -0.929334 5.83968 -2.31943
441.156 0.371341 0.928467 -5.83403 2.33297
441.655 -0.373203 -0.927678 5.82928 -2.34546
442.155 0.375479 0.926802 -5.82356 2.35897
442.654 -0.377338 -0.926004 5.81876 -2.37144
443.154 0.379611 0.925117 -5.81297 2.38493
443.654 -0.381466 -0.924311 5.80812 -2.39738
444.153 0.383735 0.923415 -5.80227 2.41084
444.653 -0.385587 -0.922599 5.79737 -2.42328
445.153 0.387851 0.921693 -5.79146 2.43671
445.652 -0.3897 -0.920869 5.7865 -2.44912
446.152 0.39196 0.919954 -5.78053 2.46252
446.651 -0.393805 -0.919121 5.77551 -2.47492
447.151 0.396061 0.918196 -5.76948 2.48829
447.651 -0.397903 -0.917354 5.76441 -2.50067
448.15 0.400155 0.91642 -5.75832 2.51402
448.65 -0.401993 -0.915569 5.75319 -2.52637
449.149 0.40424 0.914625 -5.74704 2.53969
449.649 -0.406075 -0.913765 5.74186 -2.55202
450.149 0.408318 0.912812 -5.73564 2.56531
450.648 -0.410149 -0.911944 5.73042 -2.57763
451.148 0.412388 0.910981 -5.72414 2.59088
451.647 -0.414216 -0.910104 5.71886 -2.60318
452.147 0.41645 0.909131 -5.71251 2.6164
452.647 -0.418274 -0.908246 5.70718 -2.62868
453.146 0.420504 0.907264 -5.70078 2.64188
453.646 -0.422324 -0.906369 5.69539 -2.65413
454.145 0.424549 0.905378 -5.68893 2.6673
454.645 -0.426366 -0.904475 5.68349 -2.67953
455.145 0.428587 0.903474 -5.67696 2.69266
455.644 -0.430399 -0.902562 5.67147 -2.70487
456.144 0.432616 0.901552 -5.66488 2.71798
456.644 -0.434424 -0.900631 5.65934 -2.73017
457.143 0.436636 0.899612 -5.65269 2.74324
457.643 -0.438441 -0.898683 5.6471 -2.75541
458.142 0.440648 0.897654 -5.64039 2.76845
458.642 -0.442449 -0.896716 5.63474 -2.78059
459.142 0.444651 0.895678 -5.62797 2.7936
459.641 -0.446448 -0.894731 5.62227 -2.80572
460.141 0.448646 0.893684 -5.61544 2.8187
460.64 -0.450439 -0.892729 5.60969 -2.8308
461.14 0.452632 0.891672 -5.6028 2.84374
461.64 -0.454421 -0.890708 5.59699 -2.85582
462.139 0.456609 0.889643 -5.59004 2.86873
462.639 -0.458393 -0.88867 5.58418 -2.88079
463.138 0.460577 0.887595 -5.57718 2.89367
463.638 -0.462357 -0.886614 5.57126 -2.9057
464.138 0.464536 0.88553 -5.5642 2.91854
464.637 -0.466312 -0.88454 5.55823 -2.93055
465.137 0.468486 0.883447 -5.55111 2.94336
465.637 -0.470258 -0.882448 5.54509 -2.95534
466.136 0.472427 0.881346 -5.53791 2.96812
466.636 -0.474195 -0.880339 5.53184 -2.98008
467.135 0.476358 0.879227 -5.52459 2.99282
467.635 -0.478122 -0.878212 5.51847 -3.00476
468.135 0.48028 0.877091 -5.51117 3.01747
468.634 -0.48204 -0.876067 5.505 -3.02938
469.134 0.484193 0.874938 -5.49764 3.04205
469.633 -0.485948 -0.873905 5.49141 -3.05394
470.133 0.488096 0.872767 -5.48399 3.06658
470.633 -0.489847 -0.871725 5.47772 -3.07844
471.132 0.49199 0.870578 -5.47024 3.09104
471.632 -0.493736 -0.869528 5.46391 -3.10288
472.131 0.495874 0.868372 -5.45637 3.11545
472.631 -0.497616 -0.867314 5.45 -3.12726
473.131 0.499748 0.866148 -5.4424 3.13979
473.63 -0.501486 -0.865082 5.43597 -3.15158
474.13 0.503613 0.863907 -5.42832 3.16407
474.63 -0.505346 -0.862832 5.42184 -3.17583
475.129 0.507468 0.861649 -5.41413 3.18829
475.629 -0.509196 -0.860566 5.4076 -3.20003
476.128 0.511312 0.859373 -5.39983 3.21245
476.628 -0.513036 -0.858282 5.39324 -3.22416
477.128 0.515147 0.85708 -5.38542 3.23654
477.627 -0.516866 -0.85598 5.37878 -3.24822
478.127 0.518971 0.85477 -5.3709 3.26057
478.626 -0.520686 -0.853662 5.36422 -3.27223
479.126 0.522786 0.852443 -5.35628 3.28454
479.626 -0.524496 -0.851326 5.34954 -3.29617
480.125 0.52659 0.850098 -5.34155 3.30844
480.625 -0.528295 -0.848974 5.33476 -3.32004
481.124 0.530383 0.847737 -5.32671 3.33228
481.624 -0.532084 -0.846604 5.31987 -3.34385
482.124 0.534167 0.845359 -5.31176 3.35605
482.623 -0.535862 -0.844217 5.30487 -3.36759
483.123 0.537939 0.842963 -5.29671 3.37975
483.622 -0.53963 -0.841813 5.28977 -3.39127
484.122 0.541702 0.840551 -5.28155 3.40339
484.622 -0.543387 -0.839393 5.27456 -3.41488
485.121 0.545453 0.838121 -5.26628 3.42696
485.621 -0.547134 -0.836955 5.25924 -3.43843
486.121 0.549194 0.835675 -5.25091 3.45047
486.62 -0.55087 -0.834501 5.24382 -3.4619
487.12 0.552924 0.833212 -5.23543 3.4739
487.619 -0.554595 -0.83203 5.22829 -3.48531
488.119 0.556643 0.830733 -5.21985 3.49727
488.619 -0.558309 -0.829542 5.21266 -3.50865
489.118 0.560351 0.828236 -5.20416 3.52057
489.618 -0.562012 -0.827038 5.19693 -3.53192
490.117 0.564048 0.825723 -5.18837 3.5438
490.617 -0.565704 -0.824516 5.18108 -3.55512
491.117 0.567734 0.823193 -5.17248 3.56696
491.616 -0.569385 -0.821979 5.16514 -3.57825
492.116 0.571409 0.820647 -5.15648 3.59005
492.615 -0.573054 -0.819424 5.14909 -3.60131
493.115 0.575072 0.818085 -5.14037 3.61306
493.615 -0.576712 -0.816853 5.13293 -3.6243
494.114 0.578724 0.815505 -5.12416 3.63601
494.614 -0.580359 -0.814266 5.11668 -3.64721
495.114 0.582365 0.81291 -5.10785 3.65889
495.613 -0.583995 -0.811663 5.10032 -3.67006
496.113 0.585994 0.810298 -5.09144 3.68169
496.612 -0.587619 -0.809043 5.08386 -3.69283
497.112 0.589612 0.807669 -5.07492 3.70442
497.612 -0.591231 -0.806406 5.06729 -3.71553
498.111 0.593218 0.805025 -5.05831 3.72708
498.611 -0.594832 -0.803754 5.05062 -3.73816
499.11 0.596812 0.802364 -5.04159 3.74966
499.61 -0.598421 -0.801085 5.03385 -3.76071
500.11 0.600395 0.799687 -5.02477 3.77217
500.609 -0.601998 -0.7984 5.01698 -3.78319
501.109 0.603965 0.796994 -5.00784 3.79461
501.608 -0.605563 -0.795699 5.00001 -3.80559
502.108 0.607524 0.794285 -4.99082 3.81697
502.608 -0.609116 -0.792982 4.98294 -3.82792
503.107 0.611071 0.79156 -4.9737 3.83925
503.607 -0.612657 -0.790249 4.96577 -3.85017
504.106 0.614606 0.788819 -4.95647 3.86146
504.606 -0.616186 -0.787501 4.9485 -3.87235
505.106 0.618128 0.786062 -4.93915 3.88359
505.605 -0.619703 -0.784736 4.93112 -3.89445
506.105 0.621638 0.783289 -4.92172 3.90565
506.605 -0.623208 -0.781955 4.91365 -3.91647
507.104 0.625136 0.7805 -4.9042 3.92763
507.604 -0.6267 -0.779159 4.89608 -3.93842
508.103 0.628622 0.777696 -4.88658 3.94953
508.603 -0.63018 -0.776347 4.87841 -3.96029
509.103 0.632095 0.774876 -4.86886 3.97135
509.602 -0.633648 -0.773519 4.86064 -3.98208
510.102 0.635556 0.77204 -4.85104 3.99309
510.601 -0.637102 -0.770676 4.84278 -4.00379
