0 1 0 0 0
0.7 -22.5349 0 -4.89786 0
1.4 -25.9461 0 -4.85061 0
2.1 -29.3283 0 -4.81431 0
2.8 -32.6878 0 -4.78548 0
3.5 -36.0292 0 -4.76202 0
4.2 -39.3556 0 -4.74253 0
4.9 -42.6694 0 -4.72608 0
5.6 -45.9726 0 -4.71199 0
6.3 -49.2666 0 -4.69979 0
7 -52.5527 0 -4.68912 0
7.7 -55.8317 0 -4.6797 0
8.4 -59.1045 0 -4.67133 0
9.1 -62.3717 0 -4.66383 0
9.8 -65.634 0 -4.65708 0
10.5 -68.8918 0 -4.65097 0
11.2 -72.1455 0 -4.64541 0
11.9 -75.3955 0 -4.64033 0
12.6 -78.6421 0 -4.63567 0
13.3 -81.8855 0 -4.63138 0
14 -85.1261 0 -4.62741 0
14.7 -88.3639 0 -4.62374 0
15.4 -91.5994 0 -4.62032 0
16.1 -94.8325 0 -4.61714 0
16.8 -98.0634 0 -4.61417 0
17.5 -101.292 0 -4.61139 0
18.2 -104.519 0 -4.60878 0
