0 19.19 0 0 1.44
0.5 19.1766 0.719839 -0.0535885 1.43899
1 19.1364 1.43867 -0.1071 1.43598
1.5 19.0695 2.1555 -0.160459 1.43096
2 18.976 2.86931 -0.213588 1.42394
2.5 18.856 3.57912 -0.266413 1.41494
3 18.7096 4.28394 -0.318856 1.40396
3.5 18.5372 4.98277 -0.370844 1.39103
4 18.3389 5.67466 -0.422303 1.37616
4.5 18.115 6.35862 -0.473159 1.35937
5 17.8658 7.03372 -0.523341 1.34069
5.5 17.5918 7.69901 -0.572776 1.32015
6 17.2932 8.35358 -0.621396 1.29778
6.5 16.9705 8.9965 -0.669132 1.27361
7 16.6242 9.6269 -0.715916 1.24767
7.5 16.2548 10.2439 -0.761683 1.22001
8 15.8627 10.8466 -0.806369 1.19067
8.5 15.4486 11.4343 -0.849911 1.15968
9 15.013 12.0061 -0.892249 1.1271
9.5 14.5565 12.5612 -0.933325 1.09298
10 14.0799 13.0988 -0.973081 1.05735
10.5 13.5837 13.6183 -1.01146 1.02028
11 13.0686 14.1189 -1.04842 0.981824
11.5 12.5355 14.5999 -1.0839 0.942029
12 11.985 15.0607 -1.11785 0.900956
12.5 11.4179 15.5007 -1.15024 0.858665
13 10.835 15.9192 -1.18101 0.815218
13.5 10.2371 16.3157 -1.21013 0.770676
14 9.62514 16.6897 -1.23755 0.725103
14.5 8.99986 17.0406 -1.26325 0.678566
15 8.36218 17.3681 -1.28719 0.631129
15.5 7.71297 17.6716 -1.30933 0.582861
16 7.05314 17.9508 -1.32965 0.533831
16.5 6.38361 18.2054 -1.34813 0.484107
17 5.7053 18.4349 -1.36474 0.433759
17.5 5.01916 18.639 -1.37947 0.382858
18 4.32614 18.8176 -1.39229 0.331476
18.5 3.62718 18.9704 -1.40319 0.279684
19 2.92326 19.0973 -1.41216 0.227553
19.5 2.21533 19.198 -1.41919 0.175158
20 1.50438 19.2724 -1.42428 0.122568
20.5 0.791368 19.3205 -1.42741 0.069858
21 0.0772786 19.3422 -1.4286 0.0170988
21.5 -0.636917 19.3376 -1.42783 -0.0356371
22 -1.35024 19.3066 -1.42513 -0.0882779
22.5 -2.06173 19.2494 -1.42048 -0.140752
23 -2.77042 19.1659 -1.41391 -0.192989
23.5 -3.47534 19.0564 -1.40543 -0.244919
24 -4.17554 18.921 -1.39504 -0.296471
24.5 -4.87008 18.76 -1.38277 -0.347576
25 -5.55802 18.5736 -1.36864 -0.398167
25.5 -6.23843 18.3619 -1.35267 -0.448177
26 -6.9104 18.1255 -1.33488 -0.497538
26.5 -7.57303 17.8645 -1.31531 -0.546187
27 -8.22543 17.5794 -1.29397 -0.594058
27.5 -8.86672 17.2706 -1.2709 -0.64109
28 -9.49606 16.9385 -1.24614 -0.687221
28.5 -10.1126 16.5835 -1.21972 -0.732391
29 -10.7155 16.2062 -1.19167 -0.77654
29.5 -11.304 15.8072 -1.16205 -0.819613
30 -11.8773 15.3868 -1.13088 -0.861554
30.5 -12.4347 14.9458 -1.09822 -0.902308
31 -12.9753 14.4847 -1.0641 -0.941823
31.5 -13.4985 14.0042 -1.02858 -0.980049
32 -14.0037 13.5049 -0.991699 -1.01694
32.5 -14.49 12.9875 -0.953514 -1.05244
33 -14.957 12.4527 -0.914075 -1.08651
33.5 -15.4039 11.9012 -0.873434 -1.11911
34 -15.8302 11.3338 -0.831648 -1.1502
34.5 -16.2354 10.7512 -0.78877 -1.17973
35 -16.6188 10.1543 -0.74486 -1.20767
35.5 -16.9801 9.54383 -0.699975 -1.23398
36 -17.3187 8.9206 -0.654174 -1.25864
36.5 -17.6341 8.28546 -0.607519 -1.28161
37 -17.926 7.63926 -0.560071 -1.30286
37.5 -18.1941 6.98288 -0.511892 -1.32236
38 -18.4378 6.31719 -0.463046 -1.34009
38.5 -18.657 5.64307 -0.413596 -1.35604
39 -18.8513 4.96144 -0.363608 -1.37017
39.5 -19.0206 4.27319 -0.313147 -1.38248
40 -19.1644 3.57926 -0.262279 -1.39294
40.5 -19.2828 2.88055 -0.211069 -1.40154
41 -19.3754 2.17802 -0.159585 -1.40828
41.5 -19.4423 1.47258 -0.107893 -1.41314
42 -19.4833 0.765178 -0.0560616 -1.41612
42.5 -19.4984 0.0567606 -0.00415699 -1.41721
43 -19.4875 -0.651733 0.047753 -1.41642
43.5 -19.4506 -1.35936 0.099601 -1.41374
44 -19.3879 -2.06517 0.151319 -1.40918
44.5 -19.2993 -2.76824 0.202841 -1.40275
45 -19.1851 -3.46762 0.2541 -1.39444
45.5 -19.0453 -4.16238 0.305027 -1.38428
46 -18.8801 -4.8516 0.355558 -1.37227
46.5 -18.6898 -5.53436 0.405626 -1.35842
47 -18.4746 -6.20974 0.455167 -1.34277
47.5 -18.2347 -6.87684 0.504114 -1.32532
48 -17.9706 -7.53477 0.552404 -1.3061
48.5 -17.6825 -8.18266 0.599973 -1.28513
49 -17.3707 -8.81962 0.64676 -1.26243
49.5 -17.0358 -9.44482 0.692701 -1.23805
50 -16.6782 -10.0574 0.737738 -1.21199
50.5 -16.2982 -10.6566 0.781808 -1.18431
51 -15.8965 -11.2415 0.824855 -1.15503
51.5 -15.4736 -11.8113 0.86682 -1.12419
52 -15.0299 -12.3654 0.907648 -1.09183
52.5 -14.5661 -12.9029 0.947283 -1.05799
53 -14.0828 -13.4232 0.985673 -1.02272
53.5 -13.5806 -13.9254 1.02276 -0.986048
54 -13.0603 -14.409 1.05851 -0.948033
54.5 -12.5224 -14.8733 1.09285 -0.908721
55 -11.9676 -15.3175 1.12575 -0.868162
55.5 -11.3968 -15.7412 1.15716 -0.826408
56 -10.8107 -16.1438 1.18704 -0.783512
56.5 -10.2101 -16.5246 1.21534 -0.739531
57 -9.59564 -16.8831 1.24202 -0.69452
57.5 -8.9683 -17.2189 1.26705 -0.648539
58 -8.32886 -17.5315 1.29039 -0.601647
58.5 -7.67818 -17.8204 1.31201 -0.553906
59 -7.01713 -18.0853 1.33187 -0.505377
59.5 -6.3466 -18.3257 1.34995 -0.456125
60 -5.66747 -18.5413 1.36621 -0.406215
60.5 -4.98068 -18.7318 1.38064 -0.355712
61 -4.28713 -18.8969 1.39321 -0.304684
61.5 -3.58777 -19.0364 1.4039 -0.253199
62 -2.88354 -19.1501 1.41269 -0.201325
62.5 -2.17539 -19.2377 1.41956 -0.149132
63 -1.46428 -19.2992 1.42452 -0.096691
63.5 -0.751181 -19.3344 1.42754 -0.0440718
64 -0.0370576 -19.3432 1.42861 0.00865398
64.5 0.677117 -19.3257 1.42774 0.0614145
65 1.39037 -19.2818 1.42491 0.114138
65.5 2.10172 -19.2116 1.42014 0.166752
66 2.81019 -19.1151 1.41342 0.219184
66.5 3.51483 -18.9924 1.40476 0.271361
67 4.21464 -18.8438 1.39417 0.323213
67.5 4.90869 -18.6693 1.38165 0.374666
68 5.59599 -18.4692 1.36723 0.425648
68.5 6.27561 -18.2437 1.35092 0.47609
69 6.94661 -17.9932 1.33274 0.525919
69.5 7.60806 -17.7179 1.31271 0.575065
70 8.25903 -17.4183 1.29085 0.62346
70.5 8.89862 -17.0946 1.2672 0.671034
71 9.52595 -16.7474 1.24179 0.71772
71.5 10.1401 -16.377 1.21463 0.763452
72 10.7403 -15.9841 1.18578 0.808163
72.5 11.3257 -15.569 1.15528 0.85179
73 11.8953 -15.1325 1.12315 0.89427
73.5 12.4485 -14.675 1.08944 0.935542
74 12.9845 -14.1971 1.0542 0.975546
74.5 13.5025 -13.6996 1.01748 1.01422
75 14.0018 -13.1831 0.979318 1.05152
75.5 14.4816 -12.6483 0.939778 1.08738
76 14.9413 -12.096 0.89891 1.12175
76.5 15.3803 -11.5268 0.85677 1.15458
77 15.7979 -10.9417 0.813416 1.18582
77.5 16.1935 -10.3413 0.768909 1.21543
78 16.5666 -9.72651 0.72331 1.24336
78.5 16.9167 -9.09819 0.676685 1.26957
79 17.2432 -8.45721 0.629097 1.29403
79.5 17.5456 -7.80445 0.580613 1.31669
80 17.8237 -7.14081 0.531304 1.33753
80.5 18.0768 -6.46722 0.481237 1.35651
81 18.3048 -5.78461 0.430483 1.3736
81.5 18.5072 -5.09392 0.379116 1.38878
82 18.6838 -4.39614 0.327208 1.40202
82.5 18.8343 -3.69221 0.274832 1.41332
83 18.9586 -2.98314 0.222063 1.42264
83.5 19.0564 -2.26989 0.168978 1.42997
84 19.1275 -1.55348 0.115651 1.43531
84.5 19.172 -0.834904 0.0621582 1.43865
85 19.1897 -0.115158 0.00857688 1.43997
85.5 19.1806 0.604749 -0.0450167 1.43929
86 19.1447 1.32381 -0.0985459 1.4366
86.5 19.082 2.04102 -0.151934 1.4319
87 18.9928 2.75539 -0.205105 1.4252
87.5 18.877 3.46591 -0.257983 1.41651
88 18.7348 4.17158 -0.310493 1.40585
88.5 18.5665 4.87144 -0.362558 1.39323
89 18.3724 5.5645 -0.414107 1.37866
89.5 18.1525 6.2498 -0.465064 1.36218
90 17.9074 6.92638 -0.515358 1.3438
90.5 17.6373 7.5933 -0.564918 1.32356
91 17.3426 8.24964 -0.613673 1.30148
91.5 17.0238 8.89449 -0.661554 1.27759
92 16.6812 9.52695 -0.708495 1.25194
92.5 16.3154 10.1462 -0.754429 1.22455
93 15.9269 10.7512 -0.799291 1.19547
93.5 15.5163 11.3414 -0.84302 1.16475
94 15.0841 11.9157 -0.885555 1.13242
94.5 14.631 12.4735 -0.926836 1.09854
95 14.1575 13.014 -0.966807 1.06315
95.5 13.6644 13.5365 -1.00541 1.02631
96 13.1523 14.0401 -1.0426 0.988069
96.5 12.622 14.5243 -1.07832 0.948483
97 12.0742 14.9884 -1.11252 0.907611
97.5 11.5097 15.4317 -1.14516 0.865511
98 10.9293 15.8537 -1.17619 0.822245
98.5 10.3338 16.2538 -1.20558 0.777874
99 9.72402 16.6314 -1.23328 0.732463
99.5 9.10081 16.9861 -1.25925 0.686075
100 8.46505 17.3173 -1.28347 0.638778
100.5 7.81763 17.6247 -1.3059 0.590639
101 7.15944 17.9079 -1.32652 0.541726
101.5 6.4914 18.1664 -1.3453 0.492109
102 5.81444 18.3999 -1.36221 0.441856
102.5 5.12949 18.6081 -1.37724 0.39104
103 4.43751 18.7908 -1.39036 0.33973
103.5 3.73944 18.9478 -1.40157 0.287999
104 3.03625 19.0788 -1.41085 0.235918
104.5 2.3289 19.1837 -1.41819 0.18356
105 1.61837 19.2623 -1.42359 0.130998
105.5 0.905621 19.3146 -1.42704 0.078302
106 0.191641 19.3406 -1.42853 0.0255461
106.5 -0.522601 19.3402 -1.42808 -0.027198
107 -1.23613 19.3134 -1.42569 -0.0798586
107.5 -1.94798 19.2603 -1.42135 -0.132364
108 -2.65718 19.1811 -1.41509 -0.184644
108.5 -3.36276 19.0757 -1.40691 -0.236627
109 -4.06378 18.9445 -1.39683 -0.288243
109.5 -4.75929 18.7876 -1.38486 -0.339425
110 -5.44834 18.6052 -1.37103 -0.390102
110.5 -6.13002 18.3976 -1.35535 -0.440209
111 -6.8034 18.1651 -1.33785 -0.489678
111.5 -7.46758 17.908 -1.31856 -0.538445
112 -8.12168 17.6267 -1.2975 -0.586445
112.5 -8.7648 17.3217 -1.27471 -0.633616
113 -9.39611 16.9933 -1.25021 -0.679895
113.5 -10.0148 16.6419 -1.22406 -0.725222
114 -10.6199 16.2682 -1.19627 -0.769539
114.5 -11.2108 15.8726 -1.16689 -0.812788
115 -11.7866 15.4556 -1.13597 -0.854913
115.5 -12.3465 15.0179 -1.10354 -0.89586
116 -12.8899 14.5599 -1.06966 -0.935577
116.5 -13.4159 14.0825 -1.03436 -0.974013
117 -13.924 13.5861 -0.997692 -1.01112
117.5 -14.4134 13.0716 -0.959714 -1.04685
118 -14.8835 12.5395 -0.920472 -1.08115
118.5 -15.3337 11.9907 -0.880021 -1.11399
119 -15.7633 11.4258 -0.838414 -1.14532
119.5 -16.1719 10.8456 -0.795708 -1.1751
120 -16.5589 10.2509 -0.751959 -1.2033
120.5 -16.9237 9.64255 -0.707227 -1.22988
121 -17.266 9.02131 -0.661569 -1.2548
121.5 -17.5852 8.38802 -0.615047 -1.27804
122 -17.8809 7.74354 -0.567721 -1.29957
122.5 -18.1528 7.08873 -0.519656 -1.31935
123 -18.4004 6.42447 -0.470912 -1.33737
123.5 -18.6236 5.75165 -0.421555 -1.3536
124 -18.8219 5.07116 -0.371649 -1.36803
124.5 -18.9951 4.38391 -0.32126 -1.38063
125 -19.1431 3.69082 -0.270452 -1.39138
125.5 -19.2655 2.99282 -0.219293 -1.40029
126 -19.3623 2.29084 -0.167848 -1.40732
126.5 -19.4334 1.5858 -0.116185 -1.41249
127 -19.4785 0.878651 -0.0643717 -1.41577
127.5 -19.4977 0.170334 -0.0124743 -1.41716
128 -19.491 -0.538211 0.0394393 -1.41667
128.5 -19.4583 -1.24604 0.0913017 -1.4143
129 -19.3997 -1.95221 0.143046 -1.41004
129.5 -19.3153 -2.65578 0.194603 -1.4039
130 -19.2051 -3.35581 0.245908 -1.3959
130.5 -19.0694 -4.05138 0.296894 -1.38603
131 -18.9083 -4.74155 0.347493 -1.37431
131.5 -18.722 -5.4254 0.397639 -1.36077
132 -18.5107 -6.10202 0.447269 -1.3454
132.5 -18.2748 -6.77051 0.496315 -1.32824
133 -18.0145 -7.42997 0.544715 -1.3093
133.5 -17.7302 -8.07953 0.592404 -1.2886
134 -17.4222 -8.7183 0.639321 -1.26619
134.5 -17.091 -9.34544 0.685402 -1.24207
135 -16.737 -9.9601 0.730587 -1.21628
135.5 -16.3606 -10.5615 0.774817 -1.18886
136 -15.9623 -11.1487 0.818031 -1.15983
136.5 -15.5427 -11.721 0.860174 -1.12924
137 -15.1023 -12.2777 0.901188 -1.09712
137.5 -14.6417 -12.8179 0.941018 -1.06351
138 -14.1615 -13.341 0.979611 -1.02846
138.5 -13.6623 -13.8462 1.01691 -0.992015
139 -13.1448 -14.3328 1.05288 -0.954213
139.5 -12.6097 -14.8002 1.08745 -0.915105
140 -12.0576 -15.2477 1.12058 -0.874742
140.5 -11.4893 -15.6747 1.15224 -0.833176
141 -10.9056 -16.0807 1.18236 -0.790459
141.5 -10.3072 -16.465 1.21092 -0.746648
142 -9.69496 -16.8272 1.23786 -0.701799
142.5 -9.06963 -17.1666 1.26316 -0.655969
143 -8.43207 -17.483 1.28677 -0.609219
143.5 -7.78313 -17.7757 1.30867 -0.561609
144 -7.12368 -18.0445 1.32881 -0.513202
144.5 -6.4546 -18.2888 1.34718 -0.464061
145 -5.77679 -18.5084 1.36373 -0.414252
145.5 -5.09116 -18.703 1.37846 -0.363839
146 -4.39863 -18.8722 1.39132 -0.31289
146.5 -3.70013 -19.0158 1.40232 -0.261474
147 -2.99662 -19.1336 1.41141 -0.209657
147.5 -2.28903 -19.2254 1.4186 -0.15751
148 -1.57833 -19.291 1.42386 -0.105104
148.5 -0.86548 -19.3305 1.42719 -0.052508
149 -0.151453 -19.3435 1.42857 0.000205765
149.5 0.56278 -19.3302 1.42801 0.0529658
150 1.27625 -19.2906 1.4255 0.1057
150.5 1.98797 -19.2246 1.42104 0.158337
151 2.69697 -19.1323 1.41463 0.210803
151.5 3.40229 -19.0138 1.40628 0.263026
152 4.10294 -18.8693 1.396 0.314935
152.5 4.79798 -18.6989 1.38379 0.366457
153 5.48643 -18.5029 1.36967 0.41752
153.5 6.16734 -18.2815 1.35366 0.468053
154 6.83979 -18.0349 1.33578 0.517985
154.5 7.50283 -17.7636 1.31604 0.567246
155 8.15554 -17.4678 1.29448 0.615766
155.5 8.79702 -17.148 1.27111 0.663476
156 9.42637 -16.8045 1.24598 0.710309
156.5 10.0427 -16.4378 1.2191 0.756198
157 10.6452 -16.0484 1.19052 0.801077
157.5 11.233 -15.6369 1.16027 0.844882
158 11.8052 -15.2037 1.1284 0.88755
158.5 12.3611 -14.7495 1.09494 0.929019
159 12.8999 -14.2749 1.05994 0.96923
159.5 13.4208 -13.7805 1.02346 1.00812
160 13.9231 -13.267 0.985524 1.04564
160.5 14.4061 -12.7351 0.946201 1.08174
161 14.8691 -12.1855 0.905541 1.11635
161.5 15.3115 -11.619 0.863601 1.14943
162 15.7325 -11.0363 0.820437 1.18093
162.5 16.1317 -10.4383 0.77611 1.2108
163 16.5085 -9.82581 0.730682 1.23901
163.5 16.8622 -9.19961 0.684216 1.2655
164 17.1925 -8.5606 0.636778 1.29024
164.5 17.4989 -7.90966 0.588433 1.31319
165 17.7808 -7.2477 0.539251 1.33432
165.5 18.038 -6.57564 0.4893 1.3536
166 18.27 -5.8944 0.438652 1.37099
166.5 18.4765 -5.20495 0.387378 1.38648
167 18.6573 -4.50823 0.335551 1.40004
167.5 18.812 -3.80523 0.283245 1.41164
168 18.9405 -3.09691 0.230535 1.42128
168.5 19.0425 -2.38427 0.177495 1.42893
169 19.1179 -1.6683 0.124201 1.43459
169.5 19.1667 -0.949996 0.07073 1.43825
170 19.1886 -0.23037 0.0171578 1.4399
170.5 19.1838 0.489578 -0.036439 1.43953
171 19.1522 1.20884 -0.0899836 1.43716
171.5 19.0939 1.92642 -0.143399 1.43278
172 19.0088 2.64131 -0.19661 1.4264
172.5 18.8973 3.35251 -0.24954 1.41804
173 18.7594 4.05903 -0.302114 1.40769
173.5 18.5952 4.75988 -0.354255 1.39538
174 18.4052 5.45409 -0.405891 1.38112
174.5 18.1894 6.1407 -0.456948 1.36495
175 17.9483 6.81874 -0.507353 1.34687
175.5 17.6822 7.48727 -0.557035 1.32692
176 17.3914 8.14536 -0.605923 1.30513
176.5 17.0764 8.79211 -0.653949 1.28153
177 16.7376 9.42661 -0.701044 1.25616
177.5 16.3755 10.048 -0.747143 1.22905
178 15.9907 10.6554 -0.792181 1.20024
178.5 15.5835 11.248 -0.836096 1.16977
179 15.1548 11.8249 -0.878826 1.1377
179.5 14.7049 12.3854 -0.920311 1.10406
180 14.2346 12.9287 -0.960495 1.06891
180.5 13.7446 13.4541 -0.999323 1.0323
181 13.2356 13.9608 -1.03674 0.994282
181.5 12.7081 14.4482 -1.0727 0.954908
182 12.1631 14.9155 -1.10715 0.914238
182.5 11.6012 15.3622 -1.14004 0.872331
183 11.0233 15.7877 -1.17133 0.829248
183.5 10.4302 16.1913 -1.20098 0.785049
184 9.8226 16.5725 -1.22895 0.7398
184.5 9.20148 16.9309 -1.25521 0.693565
185 8.56768 17.2659 -1.27971 0.64641
185.5 7.92206 17.5772 -1.30243 0.598401
186 7.26554 17.8642 -1.32334 0.549608
186.5 6.59902 18.1267 -1.34241 0.500099
187 5.92342 18.3642 -1.35962 0.449943
187.5 5.2397 18.5765 -1.37495 0.399213
188 4.54878 18.7634 -1.38838 0.347977
188.5 3.85162 18.9244 -1.3999 0.296309
189 3.14918 19.0596 -1.40949 0.24428
189.5 2.44244 19.1687 -1.41714 0.191962
190 1.73235 19.2515 -1.42285 0.139427
190.5 1.0199 19.3081 -1.42661 0.0867486
191 0.306053 19.3383 -1.42842 0.0339979
191.5 -0.40821 19.3421 -1.42828 -0.0187526
192 -1.12192 19.3195 -1.4262 -0.0714311
192.5 -1.8341 19.2707 -1.42217 -0.123966
193 -2.54378 19.1956 -1.41622 -0.176286
193.5 -3.25001 19.0944 -1.40835 -0.228321
194 -3.95182 18.9673 -1.39857 -0.280001
194.5 -4.64827 18.8145 -1.3869 -0.331256
195 -5.33842 18.6362 -1.37336 -0.382019
195.5 -6.02134 18.4326 -1.35798 -0.432221
196 -6.69611 18.204 -1.34077 -0.481797
196.5 -7.36183 17.9509 -1.32176 -0.53068
197 -8.01759 17.6735 -1.30099 -0.578807
197.5 -8.66253 17.3722 -1.27847 -0.626114
198 -9.29579 17.0475 -1.25425 -0.67254
198.5 -9.91652 16.6998 -1.22836 -0.718024
199 -10.5239 16.3296 -1.20083 -0.762506
199.5 -11.1171 15.9375 -1.1717 -0.80593
200 -11.6953 15.5239 -1.14103 -0.848239
200.5 -12.2579 15.0894 -1.10884 -0.889378
201 -12.8039 14.6347 -1.07518 -0.929295
201.5 -13.3328 14.1603 -1.0401 -0.96794
202 -13.8438 13.667 -1.00366 -1.00526
202.5 -14.3363 13.1553 -0.965884 -1.04121
203 -14.8095 12.626 -0.926842 -1.07575
203.5 -15.2629 12.0798 -0.886581 -1.10882
204 -15.6959 11.5174 -0.845156 -1.1404
204.5 -16.1079 10.9396 -0.802623 -1.17043
205 -16.4984 10.3472 -0.759037 -1.19889
205.5 -16.8668 9.741 -0.714458 -1.22573
206 -17.2127 9.12176 -0.668945 -1.25092
206.5 -17.5356 8.49035 -0.622557 -1.27443
207 -17.8351 7.84761 -0.575357 -1.29623
207.5 -18.1108 7.19439 -0.527406 -1.3163
208 -18.3624 6.53159 -0.478767 -1.3346
208.5 -18.5895 5.86008 -0.429504 -1.35112
209 -18.7918 5.18076 -0.379682 -1.36584
209.5 -18.9691 4.49453 -0.329366 -1.37873
210 -19.1211 3.80232 -0.278621 -1.38978
210.5 -19.2476 3.10505 -0.227513 -1.39898
211 -19.3486 2.40363 -0.17611 -1.40632
211.5 -19.4237 1.69902 -0.124478 -1.41178
212 -19.473 0.992151 -0.0726839 -1.41537
212.5 -19.4964 0.283958 -0.0207954 -1.41707
213 -19.4938 -0.424614 0.0311201 -1.41688
213.5 -19.4653 -1.13262 0.0829953 -1.41481
214 -19.4108 -1.83912 0.134763 -1.41085
214.5 -19.3305 -2.54317 0.186355 -1.40501
215 -19.2245 -3.24383 0.237705 -1.39731
215.5 -19.0929 -3.94018 0.288746 -1.38774
216 -18.9358 -4.63127 0.339411 -1.37632
216.5 -18.7535 -5.3162 0.389635 -1.36306
217 -18.5463 -5.99404 0.439352 -1.34799
217.5 -18.3143 -6.66389 0.488496 -1.33111
218 -18.0579 -7.32486 0.537004 -1.31245
218.5 -17.7774 -7.97607 0.584811 -1.29204
219 -17.4732 -8.61663 0.631856 -1.2699
219.5 -17.1457 -9.24569 0.678075 -1.24605
220 -16.7953 -9.86241 0.723408 -1.22053
220.5 -16.4224 -10.466 0.767795 -1.19336
221 -16.0276 -11.0555 0.811177 -1.16459
221.5 -15.6114 -11.6303 0.853495 -1.13425
222 -15.1743 -12.1895 0.894694 -1.10237
222.5 -14.7169 -12.7324 0.934718 -1.069
223 -14.2398 -13.2583 0.973512 -1.03418
223.5 -13.7436 -13.7664 1.01103 -0.997951
224 -13.229 -14.256 1.04721 -0.960362
224.5 -12.6966 -14.7265 1.082 -0.92146
225 -12.1472 -15.1773 1.11537 -0.881295
225.5 -11.5815 -15.6076 1.14727 -0.839918
226 -11.0002 -16.017 1.17764 -0.797382
226.5 -10.4041 -16.4048 1.20645 -0.753742
227 -9.79398 -16.7706 1.23366 -0.709055
227.5 -9.17069 -17.1137 1.25922 -0.663378
228 -8.53503 -17.4338 1.28311 -0.616771
228.5 -7.88786 -17.7304 1.30528 -0.569295
229 -7.23003 -18.003 1.32571 -0.521011
229.5 -6.56243 -18.2513 1.34436 -0.471984
230 -5.88596 -18.4749 1.36121 -0.422277
230.5 -5.20152 -18.6734 1.37623 -0.371956
231 -4.51003 -18.8467 1.38939 -0.321089
231.5 -3.81243 -18.9944 1.40068 -0.269742
232 -3.10965 -19.1164 1.41009 -0.217985
232.5 -2.40265 -19.2124 1.41758 -0.165886
233 -1.69238 -19.2822 1.42315 -0.113516
233.5 -0.979807 -19.3259 1.42679 -0.0609455
234 -0.265901 -19.3432 1.42848 -0.00824561
234.5 0.448366 -19.3341 1.42824 0.0445121
235 1.16202 -19.2987 1.42604 0.0972557
235.5 1.87409 -19.2369 1.42189 0.149913
236 2.5836 -19.1488 1.41579 0.202412
236.5 3.28957 -19.0345 1.40775 0.254679
237 3.99104 -18.8941 1.39778 0.306643
237.5 4.68704 -18.7279 1.38588 0.358232
238 5.37661 -18.536 1.37206 0.409374
238.5 6.0588 -18.3186 1.35636 0.459997
239 6.73267 -18.0761 1.33877 0.51003
239.5 7.39728 -17.8087 1.31933 0.559403
240 8.05171 -17.5168 1.29806 0.608047
240.5 8.69505 -17.2008 1.27498 0.655891
241 9.3264 -16.861 1.25012 0.70287
241.5 9.94489 -16.498 1.22352 0.748914
242 10.5496 -16.1123 1.19521 0.79396
242.5 11.1398 -15.7043 1.16523 0.837941
243 11.7146 -15.2745 1.13362 0.880796
243.5 12.2732 -14.8236 1.10041 0.922461
244 12.8148 -14.3523 1.06565 0.962878
244.5 13.3386 -13.861 1.0294 1.00199
245 13.8439 -13.3505 0.991696 1.03973
245.5 14.3301 -12.8215 0.952593 1.07606
246 14.7963 -12.2747 0.912143 1.11091
246.5 15.242 -11.7108 0.870404 1.14424
247 15.6665 -11.1307 0.827432 1.17599
247.5 16.0693 -10.5351 0.783287 1.20613
248 16.4496 -9.92482 0.738031 1.2346
248.5 16.8071 -9.30075 0.691727 1.26137
249 17.1412 -8.66373 0.64444 1.28639
249.5 17.4514 -8.01464 0.596236 1.30964
250 17.7373 -7.35438 0.547183 1.33106
250.5 17.9985 -6.68388 0.49735 1.35064
251 18.2345 -6.00405 0.446809 1.36833
251.5 18.4452 -5.31585 0.39563 1.38413
252 18.6301 -4.62023 0.343887 1.398
252.5 18.789 -3.91816 0.291653 1.40991
253 18.9217 -3.21063 0.239002 1.41987
253.5 19.0279 -2.49861 0.186009 1.42784
254 19.1076 -1.78311 0.132751 1.43382
254.5 19.1607 -1.06511 0.0793035 1.4378
255 19.1869 -0.345632 0.0257424 1.43977
255.5 19.1864 0.374333 -0.0278556 1.43973
256 19.1591 1.09377 -0.0814136 1.43768
256.5 19.105 1.81169 -0.134855 1.43362
257 19.0243 2.52707 -0.188104 1.42756
257.5 18.9169 3.23893 -0.241084 1.41951
258 18.7832 3.94626 -0.293719 1.40948
258.5 18.6233 4.64809 -0.345935 1.39748
259 18.4374 5.34343 -0.397657 1.38354
259.5 18.2257 6.03132 -0.448811 1.36767
260 17.9887 6.71079 -0.499325 1.34989
260.5 17.7265 7.38091 -0.549127 1.33024
261 17.4397 8.04074 -0.598147 1.30875
261.5 17.1285 8.68937 -0.646315 1.28543
262 16.7935 9.32589 -0.693564 1.26034
262.5 16.4351 9.94943 -0.739827 1.2335
263 16.0538 10.5591 -0.785039 1.20496
263.5 15.6502 11.1541 -0.829138 1.17476
264 15.2249 11.7336 -0.872061 1.14294
264.5 14.7784 12.2968 -0.91375 1.10955
265 14.3113 12.8429 -0.954146 1.07464
265.5 13.8244 13.3712 -0.993194 1.03826
266 13.3184 13.881 -1.03084 1.00046
266.5 12.7938 14.3715 -1.06704 0.961303
267 12.2516 14.8421 -1.10173 0.920837
267.5 11.6924 15.2921 -1.13487 0.879124
268 11.117 15.721 -1.16642 0.836225
268.5 10.5262 16.1282 -1.19634 0.792201
269 9.92088 16.513 -1.22458 0.747117
269.5 9.30188 16.8751 -1.25111 0.701035
270 8.67005 17.2139 -1.2759 0.654023
270.5 8.02627 17.529 -1.29891 0.606147
271 7.37143 17.8199 -1.32011 0.557475
271.5 6.70646 18.0864 -1.33948 0.508076
272 6.03226 18.3279 -1.35699 0.45802
272.5 5.34977 18.5443 -1.37262 0.407377
273 4.65994 18.7352 -1.38636 0.356218
273.5 3.96372 18.9004 -1.39818 0.304614
274 3.26207 19.0398 -1.40808 0.252639
274.5 2.55595 19.153 -1.41604 0.200362
275 1.84634 19.2401 -1.42206 0.147858
275.5 1.1342 19.3008 -1.42614 0.0951976
276 0.420512 19.3353 -1.42826 0.0424539
276.5 -0.293748 19.3433 -1.42843 -0.0103012
277 -1.00761 19.325 -1.42666 -0.0629957
277.5 -1.7201 19.2803 -1.42294 -0.115558
278 -2.43024 19.2094 -1.4173 -0.167917
278.5 -3.13709 19.1125 -1.40973 -0.220002
279 -3.83967 18.9895 -1.40026 -0.271743
279.5 -4.53704 18.8408 -1.38889 -0.323071
280 -5.22826 18.6665 -1.37565 -0.373917
280.5 -5.9124 18.4669 -1.36057 -0.424213
281 -6.58854 18.2424 -1.34365 -0.473893
281.5 -7.25576 17.9932 -1.32493 -0.522892
282 -7.91318 17.7196 -1.30443 -0.571144
282.5 -8.55991 17.4221 -1.28219 -0.618587
283 -9.1951 17.1012 -1.25824 -0.665158
283.5 -9.81789 16.7571 -1.23261 -0.710796
284 -10.4274 16.3905 -1.20535 -0.755443
284.5 -11.023 16.0019 -1.17648 -0.79904
285 -11.6037 15.5917 -1.14604 -0.841531
285.5 -12.1688 15.1605 -1.11409 -0.882861
286 -12.7175 14.709 -1.08067 -0.922978
286.5 -13.2492 14.2377 -1.04582 -0.961829
287 -13.7631 13.7474 -1.00959 -0.999366
287.5 -14.2586 13.2386 -0.972025 -1.03554
288 -14.735 12.7121 -0.933183 -1.07031
288.5 -15.1916 12.1685 -0.893115 -1.10362
289 -15.6279 11.6087 -0.851873 -1.13544
289.5 -16.0433 11.0333 -0.809513 -1.16572
290 -16.4372 10.4432 -0.766093 -1.19443
290.5 -16.8092 9.83916 -0.72167 -1.22153
291 -17.1587 9.22195 -0.676302 -1.24699
291.5 -17.4854 8.59244 -0.630051 -1.27077
292 -17.7887 7.95145 -0.582977 -1.29285
292.5 -18.0682 7.29986 -0.535142 -1.3132
293 -18.3237 6.63854 -0.48661 -1.33179
293.5 -18.5547 5.96836 -0.437443 -1.34859
294 -18.761 5.29023 -0.387706 -1.3636
294.5 -18.9424 4.60506 -0.337465 -1.37678
295 -19.0984 3.91374 -0.286784 -1.38813
295.5 -19.2291 3.21722 -0.23573 -1.39763
296 -19.3341 2.51641 -0.18437 -1.40527
296.5 -19.4134 1.81225 -0.13277 -1.41103
297 -19.4669 1.10567 -0.0809979 -1.41492
297.5 -19.4944 0.39763 -0.02912 -1.41692
298 -19.496 -0.310944 0.0227957 -1.41704
298.5 -19.4716 -1.0191 0.0746818 -1.41527
299 -19.4213 -1.72591 0.126471 -1.41161
299.5 -19.3452 -2.43041 0.178096 -1.40608
300 -19.2433 -3.13168 0.229489 -1.39867
300.5 -19.1157 -3.82878 0.280584 -1.3894
301 -18.9627 -4.52078 0.331314 -1.37827
301.5 -18.7845 -5.20676 0.381614 -1.36531
302 -18.5812 -5.8858 0.431416 -1.35053
302.5 -18.3531 -6.557 0.480657 -1.33394
303 -18.1006 -7.21945 0.529271 -1.31556
303.5 -17.824 -7.87228 0.577195 -1.29543
304 -17.5236 -8.51461 0.624366 -1.27356
304.5 -17.1998 -9.14557 0.670722 -1.24999
305 -16.853 -9.76433 0.716202 -1.22473
305.5 -16.4837 -10.37 0.760745 -1.19783
306 -16.0924 -10.9619 0.804291 -1.16931
306.5 -15.6796 -11.5391 0.846784 -1.13922
307 -15.2458 -12.1009 0.888167 -1.10759
307.5 -14.7916 -12.6464 0.928383 -1.07445
308 -14.3176 -13.1751 0.967378 -1.03986
308.5 -13.8244 -13.6861 1.0051 -1.00386
309 -13.3127 -14.1787 1.0415 -0.966481
309.5 -12.7831 -14.6523 1.07652 -0.927786
310 -12.2364 -15.1063 1.11012 -0.88782
310.5 -11.6733 -15.54 1.14226 -0.846634
311 -11.0944 -15.9528 1.17288 -0.80428
311.5 -10.5006 -16.3441 1.20194 -0.760813
312 -9.89272 -16.7134 1.22941 -0.71629
312.5 -9.27148 -17.0602 1.25524 -0.670768
313 -8.63775 -17.384 1.27939 -0.624306
313.5 -7.99236 -17.6844 1.30184 -0.576965
314 -7.33618 -17.9608 1.32255 -0.528806
314.5 -6.67009 -18.2131 1.34149 -0.479893
315 -5.99498 -18.4406 1.35863 -0.43029
315.5 -5.31175 -18.6432 1.37395 -0.380063
316 -4.62133 -18.8206 1.38741 -0.329279
316.5 -3.92464 -18.9724 1.399 -0.278004
317 -3.22263 -19.0985 1.40871 -0.226308
317.5 -2.51624 -19.1987 1.41651 -0.174259
318 -1.80643 -19.2728 1.42239 -0.121927
318.5 -1.09416 -19.3206 1.42634 -0.0693841
319 -0.380399 -19.3421 1.42835 -0.0166998
319.5 0.333878 -19.3373 1.42841 0.0360537
320 1.0477 -19.3061 1.42652 0.0888047
320.5 1.76009 -19.2485 1.42269 0.141481
321 2.47008 -19.1646 1.4169 0.19401
321.5 3.17668 -19.0545 1.40917 0.24632
322 3.87894 -18.9183 1.39951 0.298338
322.5 4.57588 -18.7562 1.38792 0.349992
323 5.26655 -18.5684 1.37441 0.40121
323.5 5.94999 -18.3551 1.35901 0.451921
324 6.62525 -18.1166 1.34172 0.502054
324.5 7.29141 -17.8532 1.32257 0.551538
325 7.94754 -17.5652 1.30159 0.600303
325.5 8.59271 -17.253 1.2788 0.648281
326 9.22605 -16.917 1.25423 0.695402
326.5 9.84666 -16.5577 1.22791 0.741601
327 10.4537 -16.1756 1.19987 0.786812
327.5 11.0463 -15.7711 1.17015 0.830968
328 11.6236 -15.3448 1.13879 0.874007
328.5 12.1848 -14.8973 1.10584 0.915868
329 12.7292 -14.4291 1.07133 0.956488
329.5 13.2559 -13.941 1.03531 0.995811
330 13.7642 -13.4335 0.997836 1.03378
330.5 14.2535 -12.9074 0.958953 1.07033
331 14.723 -12.3634 0.918716 1.10543
331.5 15.172 -11.8022 0.877179 1.139
332 15.6 -11.2247 0.834401 1.17101
332.5 16.0062 -10.6315 0.79044 1.20141
333 16.3902 -10.0235 0.745357 1.23016
333.5 16.7514 -9.40161 0.699217 1.2572
334 17.0893 -8.7666 0.652082 1.2825
334.5 17.4033 -8.11939 0.60402 1.30603
335 17.6932 -7.46086 0.555099 1.32775
335.5 17.9583 -6.79193 0.505386 1.34763
336 18.1984 -6.11353 0.454954 1.36563
336.5 18.4132 -5.42661 0.403872 1.38173
337 18.6022 -4.73211 0.352214 1.3959
337.5 18.7653 -4.03101 0.300054 1.40814
338 18.9022 -3.32429 0.247464 1.41841
338.5 19.0127 -2.61293 0.194522 1.4267
339 19.0967 -1.89791 0.141301 1.433
339.5 19.154 -1.18025 0.0878785 1.43729
340 19.1845 -0.460939 0.0343303 1.43959
340.5 19.1883 0.259015 -0.0192668 1.43987
341 19.1653 0.978608 -0.0728364 1.43814
341.5 19.1155 1.69683 -0.126302 1.4344
342 19.039 2.41269 -0.179586 1.42866
342.5 18.9359 3.12518 -0.232614 1.42093
343 18.8064 3.83331 -0.28531 1.41122
343.5 18.6507 4.53608 -0.337598 1.39953
344 18.4689 5.23253 -0.389404 1.3859
344.5 18.2614 5.92167 -0.440654 1.37034
345 18.0284 6.60256 -0.491275 1.35287
345.5 17.7702 7.27424 -0.541196 1.33351
346 17.4873 7.93578 -0.590345 1.31231
346.5 17.18 8.58626 -0.638655 1.28929
347 16.8488 9.22478 -0.686055 1.26448
347.5 16.4941 9.85046 -0.73248 1.23792
348 16.1165 10.4624 -0.777865 1.20965
348.5 15.7164 11.0598 -0.822146 1.17971
349 15.2945 11.6419 -0.865261 1.14815
349.5 14.8513 12.2077 -0.907151 1.11501
350 14.3876 12.7566 -0.947758 1.08034
350.5 13.9038 13.2878 -0.987026 1.04419
351 13.4008 13.8006 -1.0249 1.00661
351.5 12.8791 14.2942 -1.06133 0.967667
352 12.3397 14.7681 -1.09627 0.927406
352.5 11.7831 15.2214 -1.12966 0.88589
353 11.2102 15.6538 -1.16147 0.843177
353.5 10.6219 16.0644 -1.19165 0.79933
354 10.0189 16.4529 -1.22017 0.754411
354.5 9.402 16.8187 -1.24697 0.708485
355 8.77217 17.1612 -1.27204 0.661618
355.5 8.13025 17.4802 -1.29533 0.613876
356 7.47712 17.775 -1.31683 0.565327
356.5 6.81371 18.0454 -1.33649 0.51604
357 6.14093 18.2909 -1.3543 0.466085
357.5 5.45971 18.5114 -1.37024 0.415531
358 4.771 18.7064 -1.38428 0.364451
358.5 4.07574 18.8757 -1.39641 0.312914
359 3.37489 19.0192 -1.40662 0.260993
359.5 2.66943 19.1367 -1.41489 0.208761
360 1.96031 19.2279 -1.42122 0.156288
360.5 1.24851 19.2929 -1.42561 0.103649
361 0.535013 19.3316 -1.42805 0.0509137
361.5 -0.179219 19.3438 -1.42853 -0.00184413
362 -0.893206 19.3297 -1.42707 -0.0545529
362.5 -1.60598 19.2893 -1.42367 -0.107141
363 -2.31656 19.2226 -1.41833 -0.159537
363.5 -3.024 19.1298 -1.41107 -0.21167
364 -3.72733 19.011 -1.4019 -0.263471
364.5 -4.4256 18.8664 -1.39084 -0.314869
365 -5.11787 18.6962 -1.3779 -0.365797
365.5 -5.8032 18.5007 -1.36311 -0.416185
366 -6.48068 18.2801 -1.34648 -0.465969
366.5 -7.14939 18.0348 -1.32805 -0.515081
367 -7.80844 17.7652 -1.30783 -0.563457
367.5 -8.45694 17.4715 -1.28587 -0.611033
368 -9.09404 17.1543 -1.26219 -0.657748
368.5 -9.71887 16.8139 -1.23683 -0.703539
369 -10.3306 16.4509 -1.20983 -0.748349
369.5 -10.9284 16.0657 -1.18121 -0.792118
370 -11.5116 15.659 -1.15103 -0.83479
370.5 -12.0792 15.2311 -1.11932 -0.87631
371 -12.6306 14.7828 -1.08613 -0.916625
371.5 -13.1651 14.3147 -1.0515 -0.955682
372 -13.6819 13.8274 -1.01549 -0.993433
372.5 -14.1804 13.3215 -0.978136 -1.02983
373 -14.6599 12.7978 -0.939496 -1.06482
373.5 -15.1197 12.2569 -0.899621 -1.09837
374 -15.5593 11.6996 -0.858564 -1.13043
374.5 -15.9781 11.1267 -0.81638 -1.16096
375 -16.3755 10.5389 -0.773127 -1.18993
375.5 -16.751 9.93703 -0.72886 -1.21729
376 -17.1042 9.32188 -0.683641 -1.24302
376.5 -17.4345 8.69428 -0.637527 -1.26707
377 -17.7416 8.05508 -0.590581 -1.28942
377.5 -18.025 7.40513 -0.542865 -1.31005
378 -18.2843 6.74531 -0.49444 -1.32892
378.5 -18.5193 6.0765 -0.44537 -1.34602
379 -18.7296 5.39959 -0.395721 -1.36131
379.5 -18.915 4.71548 -0.345556 -1.37479
380 -19.0751 4.02509 -0.294942 -1.38644
380.5 -19.2098 3.32934 -0.243944 -1.39623
381 -19.319 2.62915 -0.192628 -1.40417
381.5 -19.4024 1.92547 -0.141063 -1.41023
382 -19.46 1.21922 -0.0893133 -1.41442
382.5 -19.4917 0.511345 -0.0374478 -1.41673
383 -19.4975 -0.197207 0.0144663 -1.41714
383.5 -19.4773 -0.905498 0.0663617 -1.41568
384 -19.4311 -1.61258 0.118171 -1.41232
384.5 -19.3591 -2.31752 0.169827 -1.40709
385 -19.2613 -3.01937 0.221262 -1.39998
385.5 -19.1379 -3.7172 0.272409 -1.39101
386 -18.989 -4.41008 0.323202 -1.38018
386.5 -18.8148 -5.09709 0.373575 -1.36751
387 -18.6155 -5.77731 0.423462 -1.35302
387.5 -18.3914 -6.44982 0.472797 -1.33672
388 -18.1428 -7.11374 0.521516 -1.31863
388.5 -17.87 -7.76817 0.569556 -1.29878
389 -17.5734 -8.41224 0.616852 -1.27719
389.5 -17.2533 -9.04509 0.663343 -1.25388
390 -16.9101 -9.66586 0.708967 -1.2289
390.5 -16.5444 -10.2737 0.753665 -1.20226
391 -16.1566 -10.8679 0.797375 -1.174
391.5 -15.7472 -11.4475 0.840041 -1.14415
392 -15.3168 -12.0118 0.881606 -1.11276
392.5 -14.8658 -12.56 0.922013 -1.07987
393 -14.395 -13.0914 0.961208 -1.04551
393.5 -13.9048 -13.6053 0.999138 -1.00973
394 -13.396 -14.1009 1.03575 -0.972569
394.5 -12.8693 -14.5776 1.071 -0.934083
395 -12.3253 -15.0348 1.10483 -0.894317
395.5 -11.7647 -15.4717 1.1372 -0.853323
396 -11.1883 -15.8879 1.16807 -0.811153
396.5 -10.5969 -16.2827 1.19739 -0.767861
397 -9.99116 -16.6556 1.22511 -0.723503
397.5 -9.37201 -17.0061 1.25121 -0.678137
398 -8.74022 -17.3336 1.27564 -0.631821
398.5 -8.09665 -17.6377 1.29836 -0.584617
399 -7.44214 -17.9181 1.31935 -0.536585
399.5 -6.77757 -18.1742 1.33858 -0.487789
400 -6.10385 -18.4058 1.35601 -0.438292
400.5 -5.42186 -18.6124 1.37162 -0.388161
401 -4.73253 -18.7938 1.38538 -0.337461
401.5 -4.03678 -18.9498 1.39727 -0.28626
402 -3.33555 -19.08 1.40728 -0.234626
402.5 -2.6298 -19.1843 1.41539 -0.182629
403 -1.92047 -19.2626 1.42158 -0.130338
403.5 -1.20853 -19.3146 1.42584 -0.0778234
404 -0.494941 -19.3404 1.42816 -0.0251566
404.5 0.21932 -19.3398 1.42853 0.0275909
405 0.933282 -19.3128 1.42696 0.0803474
405.5 1.64597 -19.2594 1.42344 0.133041
406 2.35641 -19.1798 1.41797 0.185599
406.5 3.06362 -19.0739 1.41055 0.237949
407 3.76665 -18.9419 1.40119 0.290018
407.5 4.46451 -18.7839 1.38991 0.341736
408 5.15625 -18.6002 1.37671 0.393029
408.5 5.84091 -18.391 1.36161 0.443827
409 6.51755 -18.1565 1.34462 0.494057
409.5 7.18523 -17.897 1.32577 0.54365
410 7.84303 -17.6129 1.30508 0.592535
410.5 8.49003 -17.3046 1.28258 0.640644
411 9.12532 -16.9724 1.25829 0.687908
411.5 9.74804 -16.6168 1.23225 0.734259
412 10.3573 -16.2383 1.20448 0.779633
412.5 10.9522 -15.8374 1.17503 0.823962
413 11.5321 -15.4145 1.14393 0.867185
413.5 12.0959 -14.9704 1.11123 0.909239
414 12.643 -14.5055 1.07697 0.950062
414.5 13.1726 -14.0205 1.04119 0.989597
415 13.684 -13.5161 1.00394 1.02778
415.5 14.1764 -12.993 0.965282 1.06457
416 14.6491 -12.4518 0.925258 1.0999
416.5 15.1014 -11.8933 0.883926 1.13372
417 15.5328 -11.3183 0.841342 1.16599
417.5 15.9426 -10.7276 0.797567 1.19665
418 16.3302 -10.1219 0.75266 1.22566
418.5 16.6951 -9.50218 0.706684 1.25298
419 17.0367 -8.86921 0.659705 1.27857
419.5 17.3546 -8.2239 0.611787 1.30238
420 17.6483 -7.56712 0.562998 1.32439
420.5 17.9175 -6.8998 0.513408 1.34457
421 18.1616 -6.22285 0.463086 1.36287
421.5 18.3805 -5.53723 0.412103 1.37928
422 18.5736 -4.84388 0.360533 1.39376
422.5 18.7409 -4.14378 0.308448 1.40631
423 18.882 -3.43789 0.255922 1.41689
423.5 18.9968 -2.7272 0.203031 1.4255
424 19.085 -2.01271 0.14985 1.43212
424.5 19.1466 -1.2954 0.0964545 1.43674
425 19.1814 -0.576289 0.0429214 1.43935
425.5 19.1895 0.14363 -0.0106731 1.43996
426 19.1708 0.863349 -0.0642522 1.43855
426.5 19.1253 1.58186 -0.117739 1.43514
427 19.0531 2.29817 -0.171058 1.42972
427.5 18.9542 3.01126 -0.224132 1.4223
428 18.829 3.72015 -0.276886 1.41291
428.5 18.6774 4.42385 -0.329244 1.40154
429 18.4998 5.12138 -0.381132 1.38821
429.5 18.2964 5.81176 -0.432476 1.37296
430 18.0674 6.49403 -0.483203 1.35579
430.5 17.8133 7.16725 -0.533241 1.33674
431 17.5343 7.83047 -0.582518 1.31583
431.5 17.2309 8.48279 -0.630967 1.2931
432 16.9035 9.12329 -0.678517 1.26857
432.5 16.5525 9.75108 -0.725103 1.24229
433 16.1785 10.3653 -0.770659 1.21429
433.5 15.782 10.9651 -0.815121 1.18462
434 15.3636 11.5497 -0.858427 1.15332
434.5 14.9238 12.1182 -0.900517 1.12042
435 14.4633 12.6698 -0.941333 1.086
435.5 13.9827 13.2039 -0.980819 1.05008
436 13.4827 13.7197 -1.01892 1.01273
436.5 12.964 14.2164 -1.05559 0.974001
437 12.4273 14.6935 -1.09076 0.933947
437.5 11.8735 15.1502 -1.12441 0.892628
438 11.3032 15.5859 -1.15648 0.850103
438.5 10.7173 16.0001 -1.18692 0.806434
439 10.1165 16.3922 -1.2157 0.761683
439.5 9.50184 16.7616 -1.24279 0.715914
440 8.87403 17.1079 -1.26813 0.669194
440.5 8.23399 17.4307 -1.29172 0.621588
441 7.5826 17.7294 -1.3135 0.573164
441.5 6.92078 18.0037 -1.33346 0.523991
442 6.24944 18.2533 -1.35157 0.474139
442.5 5.56951 18.4778 -1.3678 0.423677
443 4.88194 18.6769 -1.38215 0.372676
443.5 4.18767 18.8504 -1.39459 0.321208
444 3.48766 18.998 -1.40511 0.269344
444.5 2.78287 19.1197 -1.41369 0.217157
445 2.07427 19.2151 -1.42034 0.164719
445.5 1.36284 19.2843 -1.42503 0.112101
446 0.649553 19.3272 -1.42778 0.0593771
446.5 -0.0646254 19.3437 -1.42858 0.00661841
447 -0.778716 19.3338 -1.42743 -0.0461027
447.5 -1.49175 19.2976 -1.42434 -0.0987146
448 -2.20274 19.2352 -1.41931 -0.151146
448.5 -2.91075 19.1465 -1.41236 -0.203326
449 -3.6148 19.0319 -1.4035 -0.255184
449.5 -4.31394 18.8914 -1.39274 -0.306651
450 -5.00723 18.7253 -1.3801 -0.357659
450.5 -5.69374 18.5338 -1.3656 -0.408138
451 -6.37254 18.3173 -1.34927 -0.458023
451.5 -7.04272 18.0759 -1.33112 -0.507247
452 -7.70337 17.8101 -1.31119 -0.555745
452.5 -8.35363 17.5203 -1.28951 -0.603453
453 -8.99261 17.2068 -1.2661 -0.65031
453.5 -9.61946 16.8701 -1.24101 -0.696254
454 -10.2334 16.5107 -1.21427 -0.741225
454.5 -10.8335 16.1291 -1.18591 -0.785164
455 -11.419 15.7257 -1.15597 -0.828016
455.5 -11.9892 15.3012 -1.1245 -0.869724
456 -12.5433 14.8562 -1.09155 -0.910236
456.5 -13.0805 14.3912 -1.05715 -0.949499
457 -13.6002 13.9069 -1.02136 -0.987462
457.5 -14.1017 13.404 -0.984217 -1.02408
458 -14.5842 12.883 -0.945781 -1.0593
458.5 -15.0472 12.3449 -0.9061 -1.09308
459 -15.4901 11.7902 -0.86523 -1.12539
459.5 -15.9123 11.2197 -0.823223 -1.15617
460 -16.3132 10.6343 -0.780138 -1.18539
460.5 -16.6923 10.0346 -0.73603 -1.21301
461 -17.0491 9.42153 -0.69096 -1.239
461.5 -17.3831 8.79588 -0.644986 -1.26332
462 -17.6939 8.15848 -0.59817 -1.28595
462.5 -17.9811 7.5102 -0.550573 -1.30685
463 -18.2444 6.85191 -0.502257 -1.32601
463.5 -18.4833 6.18448 -0.453287 -1.34339
464 -18.6976 5.50881 -0.403727 -1.35898
464.5 -18.8869 4.82579 -0.35364 -1.37275
465 -19.0511 4.13635 -0.303094 -1.38469
465.5 -19.1899 3.4414 -0.252153 -1.39478
466 -19.3032 2.74186 -0.200884 -1.40302
466.5 -19.3908 2.03868 -0.149354 -1.40939
467 -19.4525 1.33278 -0.0976298 -1.41388
467.5 -19.4884 0.6251 -0.0457786 -1.41648
468 -19.4983 -0.0834063 0.00613225 -1.4172
468.5 -19.4823 -0.791802 0.0580352 -1.41604
469 -19.4403 -1.49914 0.109863 -1.41299
469.5 -19.3724 -2.20449 0.161548 -1.40806
470 -19.2788 -2.9069 0.213023 -1.40125
470.5 -19.1594 -3.60544 0.264221 -1.39258
471 -19.0146 -4.29918 0.315075 -1.38204
471.5 -18.8444 -4.98719 0.36552 -1.36967
472 -18.6492 -5.66856 0.415489 -1.35547
472.5 -18.429 -6.34237 0.464918 -1.33946
473 -18.1843 -7.00773 0.51374 -1.32166
473.5 -17.9154 -7.66374 0.561893 -1.30209
474 -17.6226 -8.30954 0.609313 -1.28077
474.5 -17.3062 -8.94424 0.655938 -1.25774
475 -16.9668 -9.56701 0.701705 -1.23302
475.5 -16.6047 -10.177 0.746556 -1.20664
476 -16.2204 -10.7734 0.790429 -1.17864
476.5 -15.8144 -11.3554 0.833267 -1.14905
477 -15.3873 -11.9222 0.875012 -1.11791
477.5 -14.9396 -12.4731 0.915608 -1.08525
478 -14.4719 -13.0072 0.955002 -1.05112
478.5 -13.9848 -13.5239 0.993139 -1.01557
479 -13.4789 -14.0226 1.02997 -0.978626
479.5 -12.955 -14.5024 1.06544 -0.94035
480 -12.4137 -14.9627 1.0995 -0.900786
480.5 -11.8557 -15.4029 1.13211 -0.859985
481 -11.2818 -15.8225 1.16322 -0.818
481.5 -10.6928 -16.2208 1.19279 -0.774884
482 -10.0893 -16.5972 1.22077 -0.730694
482.5 -9.47226 -16.9513 1.24713 -0.685485
483 -8.84244 -17.2825 1.27183 -0.639318
483.5 -8.2007 -17.5905 1.29483 -0.592252
484 -7.54789 -17.8747 1.31611 -0.544348
484.5 -6.88488 -18.1347 1.33562 -0.49567
485 -6.21256 -18.3702 1.35334 -0.446281
485.5 -5.53183 -18.5809 1.36924 -0.396247
486 -4.84361 -18.7664 1.3833 -0.345634
486.5 -4.14883 -18.9264 1.3955 -0.294509
487 -3.44842 -19.0608 1.40581 -0.242939
487.5 -2.74333 -19.1693 1.41422 -0.190996
488 -2.0345 -19.2518 1.42072 -0.138747
488.5 -1.32291 -19.308 1.42529 -0.086263
489 -0.609524 -19.338 1.42792 -0.0336157
489.5 0.104696 -19.3416 1.42861 0.0191239
490 0.818773 -19.3189 1.42735 0.0718841
490.5 1.53173 -19.2697 1.42414 0.124593
491 2.2426 -19.1943 1.41898 0.177177
491.5 2.9504 -19.0926 1.41187 0.229566
492 3.65416 -18.9648 1.40283 0.281686
492.5 4.35292 -18.811 1.39185 0.333465
493 5.04571 -18.6314 1.37896 0.384831
493.5 5.73157 -18.4262 1.36416 0.435713
494 6.40957 -18.1957 1.34748 0.48604
494.5 7.07875 -17.9403 1.32892 0.53574
495 7.73819 -17.6601 1.30853 0.584744
495.5 8.38699 -17.3556 1.28631 0.632982
496 9.02422 -17.0273 1.26231 0.680386
496.5 9.64901 -16.6754 1.23654 0.726888
497 10.2605 -16.3005 1.20905 0.772423
497.5 10.8578 -15.9031 1.17987 0.816925
498 11.4401 -15.4838 1.14903 0.86033
498.5 12.0066 -15.043 1.11659 0.902575
499 12.5564 -14.5814 1.08257 0.9436
499.5 13.0889 -14.0996 1.04703 0.983345
500 13.6032 -13.5983 1.01002 1.02175
500.5 14.0987 -13.0781 0.97158 1.05877
501 14.5746 -12.5397 0.93177 1.09433
501.5 15.0302 -11.984 0.890644 1.1284
502 15.465 -11.4116 0.848257 1.16092
502.5 15.8783 -10.8233 0.804668 1.19184
503 16.2695 -10.22 0.759938 1.22112
503.5 16.6381 -9.60246 0.71413 1.24872
504 16.9835 -8.97156 0.667307 1.27458
504.5 17.3052 -8.32816 0.619535 1.29868
505 17.6029 -7.67316 0.570881 1.32099
505.5 17.876 -7.00747 0.521415 1.34146
506 18.1242 -6.33201 0.471205 1.36006
506.5 18.3471 -5.64771 0.420324 1.37677
507 18.5444 -4.95554 0.368842 1.39157
507.5 18.7158 -4.25645 0.316835 1.40443
508 18.8612 -3.55143 0.264375 1.41533
508.5 18.9801 -2.84144 0.211537 1.42425
509 19.0726 -2.12749 0.158397 1.43119
509.5 19.1385 -1.41057 0.105031 1.43613
510 19.1777 -0.691675 0.0515151 1.43907
510.5 19.19 0.028182 -0.00207459 1.44
