0 30.07 0 0 1.14
0.5 30.0645 0.569967 -0.0218291 1.13979
1 30.0482 1.13973 -0.0436505 1.13917
1.5 30.0209 1.70907 -0.0654566 1.13814
2 29.9827 2.2778 -0.0872396 1.13669
2.5 29.9337 2.8457 -0.108992 1.13483
3 29.8737 3.41256 -0.130706 1.13256
3.5 29.803 3.97819 -0.152374 1.12988
4 29.7214 4.54237 -0.173988 1.12678
4.5 29.629 5.10491 -0.195541 1.12328
5 29.5258 5.66559 -0.217025 1.11937
5.5 29.412 6.22421 -0.238433 1.11505
6 29.2874 6.78057 -0.259756 1.11032
6.5 29.1522 7.33447 -0.280988 1.1052
7 29.0064 7.8857 -0.302121 1.09966
7.5 28.8501 8.43407 -0.323148 1.09373
8 28.6833 8.97937 -0.34406 1.0874
8.5 28.5061 9.52141 -0.364851 1.08068
9 28.3185 10.06 -0.385513 1.07356
9.5 28.1206 10.5949 -0.406039 1.06605
10 27.9125 11.126 -0.426421 1.05815
10.5 27.6942 11.653 -0.446653 1.04986
11 27.4658 12.1758 -0.466726 1.04119
11.5 27.2275 12.6941 -0.486635 1.03213
12 26.9792 13.2078 -0.506371 1.0227
12.5 26.7212 13.7168 -0.525928 1.0129
13 26.4533 14.2207 -0.545299 1.00272
13.5 26.1759 14.7194 -0.564476 0.992175
14 25.8889 15.2128 -0.583453 0.981265
14.5 25.5925 15.7006 -0.602222 0.969994
15 25.2867 16.1827 -0.620778 0.958366
15.5 24.9717 16.6589 -0.639114 0.946384
16 24.6476 17.1291 -0.657222 0.934054
16.5 24.3145 17.5929 -0.675096 0.921378
17 23.9726 18.0504 -0.692729 0.908362
17.5 23.6218 18.5012 -0.710116 0.895009
18 23.2625 18.9453 -0.727249 0.881325
18.5 22.8946 19.3825 -0.744123 0.867313
19 22.5184 19.8126 -0.760732 0.852979
19.5 22.134 20.2354 -0.777068 0.838327
20 21.7414 20.6509 -0.793126 0.823363
20.5 21.3409 21.0588 -0.8089 0.808091
21 20.9325 21.4589 -0.824385 0.792517
21.5 20.5165 21.8512 -0.839574 0.776646
22 20.093 22.2355 -0.854462 0.760484
22.5 19.6621 22.6117 -0.869042 0.744035
23 19.224 22.9795 -0.88331 0.727307
23.5 18.7789 23.3389 -0.897261 0.710304
24 18.3268 23.6898 -0.910888 0.693032
24.5 17.868 24.0319 -0.924187 0.675498
25 17.4027 24.3652 -0.937152 0.657708
25.5 16.9309 24.6896 -0.949779 0.639667
26 16.453 25.0049 -0.962063 0.621382
26.5 15.9689 25.3109 -0.973998 0.602859
27 15.479 25.6077 -0.985581 0.584105
27.5 14.9834 25.895 -0.996806 0.565127
28 14.4823 26.1728 -1.00767 0.545931
28.5 13.9758 26.4409 -1.01817 0.526523
29 13.4642 26.6993 -1.02829 0.506911
29.5 12.9476 26.9478 -1.03805 0.487102
30 12.4262 27.1863 -1.04742 0.467103
30.5 11.9002 27.4148 -1.05641 0.44692
31 11.3698 27.6332 -1.06502 0.426561
31.5 10.8352 27.8414 -1.07323 0.406033
32 10.2966 28.0392 -1.08106 0.385344
32.5 9.75424 28.2267 -1.08849 0.3645
33 9.20823 28.4037 -1.09551 0.34351
33.5 8.65879 28.5702 -1.10214 0.322381
34 8.10615 28.7261 -1.10836 0.30112
34.5 7.5505 28.8713 -1.11417 0.279736
35 6.99204 29.0058 -1.11958 0.258236
35.5 6.43099 29.1295 -1.12457 0.236627
36 5.86754 29.2424 -1.12914 0.214918
36.5 5.30191 29.3444 -1.1333 0.193117
37 4.73431 29.4355 -1.13703 0.171231
37.5 4.16495 29.5156 -1.14035 0.149268
38 3.59403 29.5848 -1.14324 0.127238
38.5 3.02177 29.6429 -1.14571 0.105147
39 2.44839 29.6899 -1.14775 0.0830037
39.5 1.87409 29.7258 -1.14936 0.0608166
40 1.29909 29.7507 -1.15055 0.0385939
40.5 0.723611 29.7644 -1.15131 0.0163437
41 0.147857 29.767 -1.15163 -0.00592572
41.5 -0.427952 29.7585 -1.15153 -0.0282059
42 -1.0036 29.7388 -1.15099 -0.0504887
42.5 -1.57887 29.708 -1.15002 -0.0727656
43 -2.15356 29.6661 -1.14862 -0.0950283
43.5 -2.72743 29.613 -1.14679 -0.117268
44 -3.30028 29.5488 -1.14453 -0.139477
44.5 -3.87189 29.4735 -1.14184 -0.161647
45 -4.44205 29.3872 -1.13871 -0.183769
45.5 -5.01053 29.2898 -1.13516 -0.205834
46 -5.57713 29.1813 -1.13117 -0.227835
46.5 -6.14164 29.0619 -1.12676 -0.249763
47 -6.70383 28.9316 -1.12192 -0.27161
47.5 -7.26349 28.7903 -1.11666 -0.293366
48 -7.82041 28.6382 -1.11097 -0.315025
48.5 -8.37439 28.4753 -1.10486 -0.336576
49 -8.9252 28.3017 -1.09833 -0.358013
49.5 -9.47265 28.1173 -1.09138 -0.379327
50 -10.0165 27.9224 -1.08401 -0.400509
50.5 -10.5566 27.7169 -1.07623 -0.421551
51 -11.0927 27.5009 -1.06804 -0.442446
51.5 -11.6246 27.2744 -1.05943 -0.463184
52 -12.152 27.0377 -1.05043 -0.483759
52.5 -12.6749 26.7907 -1.04102 -0.504161
53 -13.193 26.5336 -1.03121 -0.524382
53.5 -13.7061 26.2664 -1.021 -0.544416
54 -14.2139 25.9892 -1.0104 -0.564253
54.5 -14.7164 25.7021 -0.999415 -0.583886
55 -15.2133 25.4053 -0.988041 -0.603307
55.5 -15.7044 25.0989 -0.976286 -0.622509
56 -16.1895 24.7829 -0.964154 -0.641484
56.5 -16.6685 24.4574 -0.951649 -0.660224
57 -17.1411 24.1227 -0.938775 -0.678722
57.5 -17.6072 23.7787 -0.925538 -0.69697
58 -18.0666 23.4257 -0.911942 -0.714961
58.5 -18.5191 23.0638 -0.897991 -0.732687
59 -18.9645 22.6931 -0.883692 -0.750143
59.5 -19.4027 22.3137 -0.869049 -0.76732
60 -19.8335 21.9258 -0.854067 -0.784212
60.5 -20.2567 21.5296 -0.838753 -0.800812
61 -20.6722 21.1251 -0.823111 -0.817113
61.5 -21.0798 20.7125 -0.807149 -0.833108
62 -21.4793 20.292 -0.790871 -0.848791
62.5 -21.8706 19.8638 -0.774284 -0.864156
63 -22.2536 19.4279 -0.757393 -0.879197
63.5 -22.628 18.9846 -0.740207 -0.893906
64 -22.9937 18.534 -0.72273 -0.908279
64.5 -23.3506 18.0764 -0.70497 -0.922309
65 -23.6986 17.6118 -0.686933 -0.93599
65.5 -24.0375 17.1404 -0.668626 -0.949318
66 -24.3672 16.6625 -0.650056 -0.962285
66.5 -24.6876 16.1782 -0.631231 -0.974888
67 -24.9984 15.6877 -0.612158 -0.987121
67.5 -25.2997 15.1912 -0.592843 -0.998979
68 -25.5912 14.6888 -0.573295 -1.01046
68.5 -25.8729 14.1808 -0.553521 -1.02155
69 -26.1447 13.6673 -0.533528 -1.03225
69.5 -26.4064 13.1486 -0.513325 -1.04256
70 -26.658 12.6248 -0.492919 -1.05247
70.5 -26.8993 12.0962 -0.472319 -1.06198
71 -27.1303 11.5629 -0.451531 -1.07108
71.5 -27.3508 11.0252 -0.430565 -1.07978
72 -27.5608 10.4832 -0.409429 -1.08806
72.5 -27.7602 9.93716 -0.388131 -1.09592
73 -27.9489 9.38733 -0.366678 -1.10336
73.5 -28.1269 8.83387 -0.345081 -1.11038
74 -28.294 8.27702 -0.323347 -1.11697
74.5 -28.4502 7.71697 -0.301485 -1.12313
75 -28.5955 7.15396 -0.279503 -1.12886
75.5 -28.7297 6.58818 -0.25741 -1.13416
76 -28.8528 6.01987 -0.235215 -1.13902
76.5 -28.9649 5.44924 -0.212927 -1.14344
77 -29.0658 4.87651 -0.190555 -1.14742
77.5 -29.1554 4.30189 -0.168106 -1.15096
78 -29.2339 3.72562 -0.145591 -1.15405
78.5 -29.301 3.14791 -0.123018 -1.1567
79 -29.3569 2.56899 -0.100396 -1.15891
79.5 -29.4014 1.98908 -0.0777345 -1.16067
80 -29.4346 1.40839 -0.0550419 -1.16198
80.5 -29.4564 0.827171 -0.0323274 -1.16284
81 -29.4669 0.245629 -0.00960006 -1.16325
81.5 -29.466 -0.336009 0.0131311 -1.16322
82 -29.4538 -0.917517 0.035857 -1.16273
82.5 -29.4302 -1.49867 0.0585687 -1.1618
83 -29.3952 -2.07925 0.0812571 -1.16042
83.5 -29.3489 -2.65902 0.103913 -1.15859
84 -29.2913 -3.23777 0.126528 -1.15632
84.5 -29.2224 -3.81527 0.149093 -1.1536
85 -29.1422 -4.3913 0.171598 -1.15044
85.5 -29.0508 -4.96563 0.194035 -1.14683
86 -28.9482 -5.53806 0.216395 -1.14278
86.5 -28.8344 -6.10834 0.23867 -1.13829
87 -28.7096 -6.67627 0.260849 -1.13336
87.5 -28.5736 -7.24163 0.282925 -1.128
88 -28.4267 -7.8042 0.304889 -1.1222
88.5 -28.2687 -8.36376 0.326732 -1.11597
89 -28.0999 -8.92011 0.348445 -1.10931
89.5 -27.9203 -9.47301 0.370021 -1.10223
90 -27.7299 -10.0223 0.391449 -1.09472
90.5 -27.5289 -10.5677 0.412723 -1.0868
91 -27.3172 -11.109 0.433833 -1.07845
91.5 -27.0951 -11.6461 0.454772 -1.0697
92 -26.8625 -12.1786 0.475531 -1.06053
92.5 -26.6196 -12.7065 0.496102 -1.05096
93 -26.3664 -13.2295 0.516477 -1.04099
93.5 -26.1031 -13.7474 0.536648 -1.03061
94 -25.8298 -14.2601 0.556607 -1.01985
94.5 -25.5466 -14.7672 0.576346 -1.0087
95 -25.2535 -15.2687 0.595859 -0.997161
95.5 -24.9508 -15.7643 0.615136 -0.985245
96 -24.6384 -16.2539 0.634172 -0.972954
96.5 -24.3166 -16.7372 0.652958 -0.960294
97 -23.9855 -17.2141 0.671487 -0.94727
97.5 -23.6452 -17.6844 0.689752 -0.933888
98 -23.2958 -18.148 0.707746 -0.920152
98.5 -22.9375 -18.6045 0.725463 -0.906068
99 -22.5704 -19.054 0.742895 -0.891643
99.5 -22.1946 -19.4961 0.760036 -0.876881
100 -21.8104 -19.9308 0.77688 -0.86179
100.5 -21.4178 -20.3579 0.793419 -0.846375
101 -21.017 -20.7771 0.809648 -0.830643
101.5 -20.6082 -21.1885 0.825562 -0.8146
102 -20.1915 -21.5917 0.841153 -0.798252
102.5 -19.7671 -21.9867 0.856415 -0.781607
103 -19.3351 -22.3732 0.871345 -0.76467
103.5 -18.8958 -22.7513 0.885935 -0.747449
104 -18.4493 -23.1206 0.90018 -0.729951
104.5 -17.9957 -23.4812 0.914076 -0.712183
105 -17.5352 -23.8328 0.927617 -0.694151
105.5 -17.0681 -24.1753 0.940798 -0.675864
106 -16.5945 -24.5086 0.953615 -0.657328
106.5 -16.1146 -24.8326 0.966062 -0.638551
107 -15.6285 -25.1471 0.978136 -0.619541
107.5 -15.1365 -25.4521 0.989832 -0.600305
108 -14.6387 -25.7474 1.00115 -0.58085
108.5 -14.1354 -26.0329 1.01207 -0.561185
109 -13.6267 -26.3085 1.02261 -0.541316
109.5 -13.1129 -26.5742 1.03276 -0.521253
110 -12.594 -26.8298 1.0425 -0.501003
110.5 -12.0704 -27.0752 1.05185 -0.480574
111 -11.5422 -27.3103 1.0608 -0.459974
111.5 -11.0097 -27.5351 1.06933 -0.439211
112 -10.473 -27.7495 1.07746 -0.418292
112.5 -9.93229 -27.9534 1.08518 -0.397228
113 -9.38785 -28.1467 1.09248 -0.376025
113.5 -8.83987 -28.3294 1.09937 -0.354691
114 -8.28855 -28.5014 1.10583 -0.333236
114.5 -7.73411 -28.6626 1.11188 -0.311667
115 -7.17674 -28.813 1.1175 -0.289993
115.5 -6.61667 -28.9526 1.1227 -0.268222
116 -6.05411 -29.0812 1.12747 -0.246363
116.5 -5.48927 -29.1989 1.13182 -0.224423
117 -4.92236 -29.3056 1.13574 -0.202412
117.5 -4.3536 -29.4013 1.13922 -0.180337
118 -3.78321 -29.486 1.14228 -0.158207
118.5 -3.21139 -29.5595 1.14491 -0.136031
119 -2.63837 -29.622 1.1471 -0.113816
119.5 -2.06436 -29.6733 1.14887 -0.0915722
120 -1.48957 -29.7136 1.1502 -0.0693068
120.5 -0.914225 -29.7427 1.1511 -0.0470284
121 -0.338537 -29.7606 1.15157 -0.0247456
121.5 0.237277 -29.7674 1.15161 -0.00246655
122 0.813002 -29.7631 1.15122 0.0198004
122.5 1.38842 -29.7476 1.15039 0.0420468
123 1.96333 -29.721 1.14914 0.0642645
123.5 2.5375 -29.6833 1.14746 0.0864452
124 3.11072 -29.6346 1.14535 0.108581
124.5 3.68278 -29.5748 1.14282 0.130663
125 4.25347 -29.5039 1.13986 0.152683
125.5 4.82257 -29.4221 1.13648 0.174634
126 5.38988 -29.3293 1.13268 0.196508
126.5 5.95518 -29.2256 1.12846 0.218295
127 6.51827 -29.111 1.12382 0.239989
127.5 7.07893 -28.9856 1.11876 0.261581
128 7.63697 -28.8495 1.1133 0.283064
128.5 8.19217 -28.7026 1.10742 0.30443
129 8.74432 -28.5451 1.10114 0.32567
129.5 9.29324 -28.3769 1.09445 0.346778
130 9.83871 -28.1983 1.08736 0.367746
130.5 10.3805 -28.0092 1.07987 0.388566
131 10.9185 -27.8098 1.07198 0.409231
131.5 11.4525 -27.6 1.06371 0.429733
132 11.9822 -27.3801 1.05504 0.450065
132.5 12.5074 -27.15 1.04599 0.47022
133 13.0281 -26.9099 1.03656 0.49019
133.5 13.5439 -26.6598 1.02674 0.509969
134 14.0548 -26.3999 1.01656 0.52955
134.5 14.5604 -26.1303 1.00601 0.548925
135 15.0607 -25.851 0.995086 0.568088
135.5 15.5555 -25.5622 0.983805 0.587032
136 16.0445 -25.264 0.972167 0.60575
136.5 16.5276 -24.9565 0.960177 0.624236
137 17.0046 -24.6398 0.94784 0.642483
137.5 17.4754 -24.3141 0.935161 0.660486
138 17.9397 -23.9794 0.922143 0.678237
138.5 18.3974 -23.6359 0.908793 0.695731
139 18.8484 -23.2837 0.895115 0.712961
139.5 19.2925 -22.923 0.881115 0.729922
140 19.7295 -22.5538 0.866798 0.746607
140.5 20.1593 -22.1764 0.852169 0.763011
141 20.5816 -21.7909 0.837235 0.779129
141.5 20.9964 -21.3973 0.822 0.794954
142 21.4036 -20.996 0.80647 0.810481
142.5 21.8029 -20.5869 0.790651 0.825706
143 22.1942 -20.1703 0.774549 0.840622
143.5 22.5774 -19.7463 0.75817 0.855225
144 22.9523 -19.3151 0.74152 0.869509
144.5 23.3188 -18.8769 0.724606 0.88347
145 23.6769 -18.4317 0.707433 0.897104
145.5 24.0262 -17.9798 0.690007 0.910405
146 24.3668 -17.5214 0.672336 0.923368
146.5 24.6985 -17.0565 0.654425 0.93599
147 25.0212 -16.5854 0.636281 0.948267
147.5 25.3348 -16.1083 0.617912 0.960194
148 25.6391 -15.6253 0.599322 0.971767
148.5 25.9341 -15.1366 0.58052 0.982982
149 26.2196 -14.6424 0.561511 0.993835
149.5 26.4956 -14.1428 0.542304 1.00432
150 26.7619 -13.6381 0.522904 1.01444
150.5 27.0184 -13.1284 0.503319 1.02419
151 27.2652 -12.614 0.483555 1.03356
151.5 27.502 -12.0949 0.463621 1.04256
152 27.7287 -11.5715 0.443522 1.05117
152.5 27.9454 -11.0438 0.423266 1.0594
153 28.152 -10.5121 0.402861 1.06724
153.5 28.3483 -9.97664 0.382314 1.07469
154 28.5343 -9.43751 0.361631 1.08175
154.5 28.7099 -8.89495 0.340821 1.08841
155 28.8751 -8.34916 0.319891 1.09468
155.5 29.0298 -7.80034 0.298847 1.10055
156 29.1739 -7.24868 0.277698 1.10602
156.5 29.3075 -6.69439 0.256452 1.11108
157 29.4303 -6.13766 0.235115 1.11574
157.5 29.5426 -5.57871 0.213695 1.12
158 29.644 -5.01773 0.192199 1.12385
158.5 29.7347 -4.45492 0.170636 1.12729
159 29.8147 -3.8905 0.149013 1.13032
159.5 29.8837 -3.32467 0.127338 1.13294
160 29.942 -2.75763 0.105617 1.13515
160.5 29.9894 -2.18959 0.0838599 1.13694
161 30.0258 -1.62075 0.0620728 1.13833
161.5 30.0514 -1.05133 0.0402639 1.1393
162 30.0661 -0.481524 0.0184407 1.13985
162.5 30.0699 0.0884567 -0.00338889 1.13999
163 30.0627 0.658405 -0.0252173 1.13972
163.5 30.0447 1.22811 -0.0470369 1.13904
164 30.0157 1.79738 -0.0688398 1.13794
164.5 29.9758 2.36599 -0.0906186 1.13643
165 29.9251 2.93374 -0.112365 1.13451
165.5 29.8635 3.50043 -0.134073 1.13217
166 29.791 4.06584 -0.155733 1.12942
166.5 29.7077 4.62978 -0.177338 1.12626
167 29.6137 5.19204 -0.198881 1.1227
167.5 29.5089 5.75242 -0.220354 1.11872
168 29.3933 6.3107 -0.241749 1.11434
168.5 29.2671 6.86669 -0.263059 1.10955
169 29.1303 7.42019 -0.284276 1.10436
169.5 28.9829 7.97099 -0.305393 1.09877
170 28.8249 8.5189 -0.326402 1.09278
170.5 28.6565 9.06371 -0.347296 1.08639
171 28.4776 9.60522 -0.368067 1.0796
171.5 28.2884 10.1432 -0.388709 1.07242
172 28.089 10.6776 -0.409213 1.06485
172.5 27.8793 11.208 -0.429572 1.05688
173 27.6594 11.7344 -0.44978 1.04854
173.5 27.4295 12.2565 -0.469828 1.03981
174 27.1896 12.7741 -0.489711 1.03069
174.5 26.9398 13.2871 -0.509419 1.02121
175 26.6802 13.7953 -0.528948 1.01134
175.5 26.4109 14.2984 -0.548289 1.00111
176 26.132 14.7963 -0.567435 0.990505
176.5 25.8435 15.2889 -0.586381 0.979539
177 25.5456 15.7758 -0.605118 0.968212
177.5 25.2384 16.257 -0.62364 0.956529
178 24.922 16.7323 -0.64194 0.944494
178.5 24.5965 17.2015 -0.660012 0.932109
179 24.262 17.6643 -0.677849 0.91938
179.5 23.9187 18.1208 -0.695445 0.906312
180 23.5666 18.5706 -0.712793 0.892907
180.5 23.2059 19.0136 -0.729887 0.879171
181 22.8368 19.4497 -0.74672 0.865109
181.5 22.4593 19.8787 -0.763286 0.850725
182 22.0735 20.3004 -0.77958 0.836025
182.5 21.6797 20.7147 -0.795594 0.821012
183 21.278 21.1214 -0.811324 0.805693
183.5 20.8685 21.5203 -0.826763 0.790073
184 20.4513 21.9114 -0.841906 0.774156
184.5 20.0266 22.2944 -0.856746 0.757949
185 19.5946 22.6693 -0.871279 0.741457
185.5 19.1554 23.0358 -0.885498 0.724686
186 18.7091 23.3939 -0.899398 0.70764
186.5 18.256 23.7434 -0.912975 0.690328
187 17.7962 24.0842 -0.926223 0.672753
187.5 17.3299 24.4161 -0.939136 0.654924
188 16.8571 24.7391 -0.95171 0.636844
188.5 16.3782 25.053 -0.963939 0.618522
189 15.8932 25.3576 -0.97582 0.599963
189.5 15.4024 25.6529 -0.987348 0.581174
190 14.906 25.9387 -0.998517 0.562161
190.5 14.404 26.215 -1.00932 0.542932
191 13.8967 26.4816 -1.01976 0.523492
191.5 13.3843 26.7385 -1.02983 0.503849
192 12.8669 26.9854 -1.03953 0.48401
192.5 12.3448 27.2224 -1.04884 0.463981
193 11.8181 27.4494 -1.05777 0.44377
193.5 11.2871 27.6662 -1.06632 0.423385
194 10.7519 27.8727 -1.07448 0.402831
194.5 10.2127 28.069 -1.08224 0.382118
195 9.6697 28.2548 -1.08961 0.361251
195.5 9.12314 28.4302 -1.09657 0.340239
196 8.57319 28.5951 -1.10313 0.319089
196.5 8.02007 28.7493 -1.10929 0.297808
197 7.46397 28.8928 -1.11504 0.276405
197.5 6.90509 29.0257 -1.12038 0.254888
198 6.34365 29.1477 -1.1253 0.233263
198.5 5.77985 29.2589 -1.12981 0.211539
199 5.2139 29.3592 -1.13391 0.189724
199.5 4.64601 29.4486 -1.13758 0.167826
200 4.07639 29.5271 -1.14083 0.145852
200.5 3.50526 29.5945 -1.14365 0.123811
201 2.93281 29.6509 -1.14605 0.101712
201.5 2.35927 29.6962 -1.14803 0.0795613
202 1.78485 29.7304 -1.14958 0.0573681
202.5 1.20976 29.7535 -1.1507 0.0351405
203 0.63422 29.7655 -1.15139 0.0128867
203.5 0.058443 29.7664 -1.15165 -0.00938491
204 -0.517356 29.7562 -1.15147 -0.0316661
204.5 -1.09296 29.7348 -1.15087 -0.0539485
205 -1.66816 29.7022 -1.14984 -0.0762238
205.5 -2.24273 29.6585 -1.14837 -0.0984836
206 -2.81646 29.6037 -1.14647 -0.120719
206.5 -3.38913 29.5378 -1.14414 -0.142923
207 -3.96053 29.4608 -1.14138 -0.165086
207.5 -4.53044 29.3727 -1.13819 -0.187199
208 -5.09865 29.2736 -1.13457 -0.209256
208.5 -5.66494 29.1635 -1.13052 -0.231246
209 -6.2291 29.0424 -1.12604 -0.253162
209.5 -6.79091 28.9103 -1.12113 -0.274995
210 -7.35016 28.7674 -1.1158 -0.296737
210.5 -7.90664 28.6136 -1.11005 -0.318379
211 -8.46014 28.4491 -1.10387 -0.339913
211.5 -9.01045 28.2737 -1.09727 -0.361332
212 -9.55735 28.0877 -1.09026 -0.382626
212.5 -10.1006 27.8911 -1.08283 -0.403787
213 -10.6401 27.684 -1.07498 -0.424807
213.5 -11.1756 27.4663 -1.06673 -0.445678
214 -11.7068 27.2383 -1.05806 -0.466391
214.5 -12.2336 27 -1.04899 -0.486939
215 -12.7557 26.7514 -1.03952 -0.507314
215.5 -13.273 26.4927 -1.02965 -0.527507
216 -13.7853 26.2239 -1.01938 -0.54751
216.5 -14.2923 25.9452 -1.00872 -0.567316
217 -14.7939 25.6567 -0.997675 -0.586917
217.5 -15.2899 25.3583 -0.986241 -0.606305
218 -15.7801 25.0504 -0.974428 -0.625472
218.5 -16.2643 24.7329 -0.962237 -0.64441
219 -16.7423 24.406 -0.949674 -0.663113
219.5 -17.2139 24.0698 -0.936744 -0.681573
220 -17.679 23.7245 -0.92345 -0.699781
220.5 -18.1373 23.3701 -0.909799 -0.717732
221 -18.5887 23.0068 -0.895794 -0.735417
221.5 -19.0331 22.6347 -0.881441 -0.75283
222 -19.4701 22.254 -0.866744 -0.769963
222.5 -19.8997 21.8648 -0.851711 -0.78681
223 -20.3218 21.4672 -0.836345 -0.803364
223.5 -20.736 21.0615 -0.820654 -0.819618
224 -21.1424 20.6477 -0.804642 -0.835565
224.5 -21.5406 20.226 -0.788315 -0.851199
225 -21.9306 19.7965 -0.77168 -0.866514
225.5 -22.3123 19.3595 -0.754744 -0.881504
226 -22.6853 18.9151 -0.737512 -0.896161
226.5 -23.0497 18.4634 -0.71999 -0.910481
227 -23.4053 18.0046 -0.702187 -0.924457
227.5 -23.7519 17.539 -0.684107 -0.938084
228 -24.0894 17.0666 -0.665759 -0.951356
228.5 -24.4176 16.5877 -0.64715 -0.964267
229 -24.7365 16.1024 -0.628285 -0.976813
229.5 -25.0458 15.6109 -0.609174 -0.988988
230 -25.3456 15.1135 -0.589822 -1.00079
230.5 -25.6356 14.6102 -0.570239 -1.0122
231 -25.9158 14.1013 -0.55043 -1.02324
231.5 -26.186 13.587 -0.530404 -1.03388
232 -26.4462 13.0675 -0.510169 -1.04413
232.5 -26.6962 12.543 -0.489732 -1.05398
233 -26.9359 12.0136 -0.469102 -1.06342
233.5 -27.1652 11.4796 -0.448286 -1.07246
234 -27.3841 10.9412 -0.427293 -1.08109
234.5 -27.5925 10.3986 -0.406131 -1.0893
235 -27.7902 9.85198 -0.384809 -1.0971
235.5 -27.9773 9.30157 -0.363333 -1.10448
236 -28.1535 8.74757 -0.341714 -1.11143
236.5 -28.319 8.19021 -0.31996 -1.11795
237 -28.4735 7.62969 -0.298078 -1.12405
237.5 -28.617 7.06623 -0.276079 -1.12971
238 -28.7495 6.50005 -0.253969 -1.13494
238.5 -28.871 5.93136 -0.231759 -1.13973
239 -28.9813 5.36038 -0.209458 -1.14408
239.5 -29.0804 4.78734 -0.187073 -1.148
240 -29.1684 4.21246 -0.164613 -1.15147
240.5 -29.245 3.63595 -0.142088 -1.15449
241 -29.3104 3.05804 -0.119507 -1.15707
241.5 -29.3645 2.47895 -0.0968787 -1.15921
242 -29.4073 1.8989 -0.0742116 -1.1609
242.5 -29.4387 1.31812 -0.051515 -1.16214
243 -29.4588 0.736831 -0.0287979 -1.16293
243.5 -29.4675 0.155259 -0.00606937 -1.16328
244 -29.4649 -0.426373 0.0166615 -1.16317
244.5 -29.4509 -1.00784 0.0393858 -1.16262
245 -29.4255 -1.58892 0.0620945 -1.16162
245.5 -29.3888 -2.16939 0.0847785 -1.16017
246 -29.3407 -2.74902 0.107429 -1.15827
246.5 -29.2814 -3.32758 0.130036 -1.15593
247 -29.2107 -3.90487 0.152592 -1.15314
247.5 -29.1288 -4.48065 0.175088 -1.1499
248 -29.0356 -5.0547 0.197513 -1.14623
248.5 -28.9313 -5.62681 0.219861 -1.14211
249 -28.8158 -6.19674 0.242121 -1.13755
249.5 -28.6892 -6.76429 0.264285 -1.13256
250 -28.5515 -7.32923 0.286344 -1.12713
250.5 -28.4028 -7.89135 0.30829 -1.12126
251 -28.2432 -8.45042 0.330113 -1.11496
251.5 -28.0728 -9.00624 0.351805 -1.10824
252 -27.8915 -9.55859 0.373359 -1.10109
252.5 -27.6994 -10.1073 0.394764 -1.09352
253 -27.4967 -10.652 0.416013 -1.08553
253.5 -27.2834 -11.1927 0.437097 -1.07712
254 -27.0596 -11.7291 0.458008 -1.0683
254.5 -26.8255 -12.261 0.478738 -1.05907
255 -26.5809 -12.7881 0.499279 -1.04944
255.5 -26.3262 -13.3103 0.519623 -1.0394
256 -26.0613 -13.8274 0.539761 -1.02897
256.5 -25.7865 -14.3392 0.559687 -1.01814
257 -25.5017 -14.8455 0.579392 -1.00693
257.5 -25.2071 -15.3461 0.598868 -0.995334
258 -24.9029 -15.8408 0.618109 -0.98336
258.5 -24.5891 -16.3294 0.637106 -0.971012
259 -24.2658 -16.8117 0.655852 -0.958295
259.5 -23.9332 -17.2876 0.674341 -0.945215
260 -23.5915 -17.7569 0.692564 -0.931777
260.5 -23.2407 -18.2194 0.710516 -0.917986
261 -22.881 -18.6748 0.728189 -0.903849
261.5 -22.5126 -19.1232 0.745576 -0.889371
262 -22.1355 -19.5642 0.762671 -0.874558
262.5 -21.75 -19.9977 0.779468 -0.859417
263 -21.3561 -20.4235 0.79596 -0.843952
263.5 -20.954 -20.8416 0.81214 -0.828171
264 -20.544 -21.2516 0.828004 -0.81208
264.5 -20.1261 -21.6536 0.843544 -0.795686
265 -19.7005 -22.0473 0.858755 -0.778995
265.5 -19.2674 -22.4325 0.873632 -0.762014
266 -18.8269 -22.8092 0.888169 -0.744749
266.5 -18.3793 -23.1772 0.902361 -0.727209
267 -17.9246 -23.5364 0.916202 -0.709399
267.5 -17.4631 -23.8866 0.929687 -0.691327
268 -16.995 -24.2277 0.942812 -0.673001
268.5 -16.5204 -24.5596 0.955571 -0.654427
269 -16.0395 -24.8821 0.967961 -0.635614
269.5 -15.5525 -25.1951 0.979977 -0.616568
270 -15.0596 -25.4986 0.991613 -0.597297
270.5 -14.5609 -25.7924 1.00287 -0.577809
271 -14.0568 -26.0764 1.01374 -0.558112
271.5 -13.5473 -26.3505 1.02421 -0.538213
272 -13.0326 -26.6146 1.0343 -0.51812
272.5 -12.513 -26.8686 1.04398 -0.497842
273 -11.9887 -27.1124 1.05327 -0.477386
273.5 -11.4598 -27.3459 1.06215 -0.456759
274 -10.9266 -27.5691 1.07062 -0.435972
274.5 -10.3893 -27.7819 1.07869 -0.41503
275 -9.84799 -27.9841 1.08634 -0.393944
275.5 -9.30299 -28.1758 1.09358 -0.37272
276 -8.75448 -28.3568 1.1004 -0.351367
276.5 -8.20266 -28.5272 1.1068 -0.329894
277 -7.64774 -28.6867 1.11278 -0.308308
277.5 -7.08995 -28.8354 1.11834 -0.286619
278 -6.52948 -28.9733 1.12347 -0.264833
278.5 -5.96655 -29.1003 1.12817 -0.242961
279 -5.40137 -29.2163 1.13245 -0.221009
279.5 -4.83416 -29.3213 1.1363 -0.198988
280 -4.26514 -29.4152 1.13973 -0.176904
280.5 -3.69451 -29.4982 1.14272 -0.154766
281 -3.12249 -29.57 1.14528 -0.132583
281.5 -2.5493 -29.6307 1.14741 -0.110364
282 -1.97515 -29.6804 1.1491 -0.088116
282.5 -1.40027 -29.7188 1.15037 -0.0658481
283 -0.824854 -29.7462 1.1512 -0.0435686
283.5 -0.249133 -29.7624 1.1516 -0.0212858
284 0.326681 -29.7675 1.15157 0.00099183
284.5 0.902373 -29.7614 1.15111 0.0232561
285 1.47773 -29.7442 1.15023 0.0454985
285.5 2.05253 -29.7159 1.14891 0.067711
286 2.62657 -29.6765 1.14716 0.0898852
286.5 3.19962 -29.6261 1.14499 0.112013
287 3.77148 -29.5645 1.14239 0.134086
287.5 4.34194 -29.492 1.13936 0.156096
288 4.91078 -29.4084 1.13592 0.178036
288.5 5.47779 -29.314 1.13205 0.199896
289 6.04276 -29.2086 1.12776 0.221669
289.5 6.60548 -29.0923 1.12306 0.243348
290 7.16575 -28.9652 1.11794 0.264924
290.5 7.72336 -28.8274 1.11241 0.286389
291 8.2781 -28.6789 1.10647 0.307735
291.5 8.82976 -28.5197 1.10012 0.328956
292 9.37816 -28.3499 1.09337 0.350043
292.5 9.92307 -28.1697 1.08622 0.370988
293 10.4643 -27.979 1.07867 0.391784
293.5 11.0017 -27.7779 1.07072 0.412424
294 11.535 -27.5666 1.06239 0.4329
294.5 12.064 -27.345 1.05366 0.453205
295 12.5886 -27.1134 1.04455 0.473332
295.5 13.1085 -26.8717 1.03506 0.493273
296 13.6236 -26.6201 1.02519 0.513022
296.5 14.1336 -26.3587 1.01494 0.532571
297 14.6385 -26.0876 1.00433 0.551913
297.5 15.1379 -25.8069 0.993357 0.571043
298 15.6318 -25.5166 0.98202 0.589952
298.5 16.1199 -25.2169 0.970328 0.608635
299 16.602 -24.908 0.958284 0.627084
299.5 17.0781 -24.5899 0.945893 0.645294
300 17.5479 -24.2627 0.933161 0.663258
300.5 18.0112 -23.9267 0.920092 0.680969
301 18.4679 -23.5818 0.90669 0.698422
301.5 18.9178 -23.2283 0.892962 0.715611
302 19.3608 -22.8662 0.878913 0.73253
302.5 19.7967 -22.4958 0.864547 0.749172
303 20.2253 -22.1171 0.84987 0.765532
303.5 20.6465 -21.7303 0.834889 0.781604
304 21.0602 -21.3356 0.819607 0.797383
304.5 21.4661 -20.933 0.804032 0.812864
305 21.8641 -20.5227 0.788169 0.828041
305.5 22.2542 -20.105 0.772024 0.842909
306 22.6361 -19.6799 0.755603 0.857462
306.5 23.0098 -19.2476 0.738912 0.871697
307 23.375 -18.8082 0.721956 0.885608
307.5 23.7317 -18.362 0.704744 0.89919
308 24.0797 -17.9091 0.68728 0.912438
308.5 24.4189 -17.4496 0.669571 0.925349
309 24.7492 -16.9838 0.651623 0.937918
309.5 25.0705 -16.5118 0.633444 0.950141
310 25.3826 -16.0337 0.61504 0.962013
310.5 25.6855 -15.5498 0.596417 0.97353
311 25.979 -15.0603 0.577582 0.98469
311.5 26.2631 -14.5652 0.558542 0.995487
312 26.5375 -14.0648 0.539305 1.00592
312.5 26.8023 -13.5593 0.519876 1.01598
313 27.0574 -13.0489 0.500262 1.02567
313.5 27.3026 -12.5337 0.480472 1.03498
314 27.5378 -12.014 0.460511 1.04392
314.5 27.763 -11.4899 0.440388 1.05247
315 27.9782 -10.9616 0.420109 1.06064
315.5 28.1831 -10.4293 0.399681 1.06842
316 28.3778 -9.89322 0.379112 1.07581
316.5 28.5622 -9.35355 0.358409 1.08281
317 28.7362 -8.81047 0.33758 1.08941
317.5 28.8998 -8.2642 0.316631 1.09562
318 29.0528 -7.71492 0.295571 1.10142
318.5 29.1953 -7.16284 0.274407 1.10683
319 29.3272 -6.60815 0.253146 1.11183
319.5 29.4485 -6.05107 0.231795 1.11643
320 29.559 -5.49179 0.210363 1.12062
320.5 29.6588 -4.93051 0.188857 1.12441
321 29.7479 -4.36745 0.167284 1.12779
321.5 29.8261 -3.80279 0.145652 1.13075
322 29.8935 -3.23676 0.123969 1.13331
322.5 29.9501 -2.66955 0.102243 1.13545
323 29.9957 -2.10137 0.0804799 1.13718
323.5 30.0305 -1.53243 0.058689 1.1385
324 30.0544 -0.962935 0.0368773 1.13941
324.5 30.0674 -0.393089 0.0150527 1.1399
325 30.0695 0.1769 -0.00677726 1.13998
325.5 30.0606 0.746825 -0.0286048 1.13964
326 30.0409 1.31648 -0.0504223 1.1389
326.5 30.0102 1.88565 -0.072222 1.13773
327 29.9687 2.45415 -0.0939963 1.13616
327.5 29.9162 3.02175 -0.115738 1.13417
328 29.8529 3.58825 -0.137438 1.13177
328.5 29.7788 4.15345 -0.15909 1.12896
329 29.6938 4.71714 -0.180686 1.12574
329.5 29.5981 5.27912 -0.202219 1.12211
330 29.4916 5.83918 -0.22368 1.11807
330.5 29.3744 6.39713 -0.245062 1.11362
331 29.2466 6.95274 -0.266358 1.10877
331.5 29.1081 7.50584 -0.28756 1.10352
332 28.959 8.0562 -0.308661 1.09787
332.5 28.7995 8.60364 -0.329653 1.09181
333 28.6294 9.14795 -0.350528 1.08536
333.5 28.449 9.68894 -0.37128 1.07851
334 28.2582 10.2264 -0.3919 1.07127
334.5 28.0571 10.7601 -0.412383 1.06364
335 27.8458 11.29 -0.432719 1.05561
335.5 27.6244 11.8157 -0.452902 1.04721
336 27.3929 12.3371 -0.472926 1.03842
336.5 27.1515 12.8541 -0.492781 1.02925
337 26.9002 13.3663 -0.512463 1.0197
337.5 26.639 13.8737 -0.531963 1.00978
338 26.3682 14.376 -0.551274 0.999486
338.5 26.0878 14.8731 -0.57039 0.988827
339 25.7979 15.3648 -0.589303 0.977805
339.5 25.4985 15.8509 -0.608007 0.966423
340 25.1899 16.3312 -0.626495 0.954685
340.5 24.8721 16.8055 -0.644761 0.942594
341 24.5452 17.2737 -0.662797 0.930156
341.5 24.2093 17.7356 -0.680597 0.917375
342 23.8646 18.191 -0.698155 0.904253
342.5 23.5112 18.6398 -0.715464 0.890797
343 23.1492 19.0818 -0.732517 0.87701
343.5 22.7787 19.5168 -0.749309 0.862898
344 22.3999 19.9446 -0.765834 0.848465
344.5 22.0129 20.3652 -0.782084 0.833715
345 21.6179 20.7783 -0.798055 0.818655
345.5 21.2149 21.1838 -0.81374 0.803289
346 20.8042 21.5815 -0.829134 0.787622
346.5 20.3858 21.9713 -0.84423 0.77166
347 19.96 22.3531 -0.859023 0.755408
347.5 19.5269 22.7267 -0.873507 0.738872
348 19.0866 23.092 -0.887677 0.722058
348.5 18.6392 23.4487 -0.901528 0.704971
349 18.1851 23.7969 -0.915054 0.687617
349.5 17.7242 24.1363 -0.92825 0.670003
350 17.2569 24.4668 -0.941111 0.652134
350.5 16.7832 24.7884 -0.953631 0.634016
351 16.3033 25.1008 -0.965807 0.615657
351.5 15.8174 25.404 -0.977634 0.597062
352 15.3257 25.6978 -0.989106 0.578237
352.5 14.8284 25.9822 -1.00022 0.559191
353 14.3256 26.257 -1.01097 0.539928
353.5 13.8175 26.5221 -1.02135 0.520456
354 13.3043 26.7774 -1.03136 0.500782
354.5 12.7862 27.0229 -1.041 0.480913
355 12.2633 27.2583 -1.05025 0.460856
355.5 11.736 27.4837 -1.05913 0.440617
356 11.2043 27.6989 -1.06761 0.420205
356.5 10.6684 27.9039 -1.07571 0.399626
357 10.1286 28.0985 -1.08341 0.378888
357.5 9.58508 28.2827 -1.09071 0.357998
358 9.03798 28.4565 -1.09762 0.336964
358.5 8.48753 28.6197 -1.10412 0.315793
359 7.93392 28.7722 -1.11021 0.294494
359.5 7.37738 28.9141 -1.1159 0.273072
360 6.81809 29.0453 -1.12117 0.251537
360.5 6.25627 29.1657 -1.12603 0.229897
361 5.69213 29.2752 -1.13048 0.208158
361.5 5.12586 29.3738 -1.1345 0.18633
362 4.55769 29.4615 -1.13811 0.164419
362.5 3.98782 29.5382 -1.14129 0.142435
363 3.41646 29.6039 -1.14406 0.120384
363.5 2.84383 29.6586 -1.14639 0.098276
364 2.27014 29.7022 -1.1483 0.0761183
364.5 1.6956 29.7347 -1.14978 0.0539192
365 1.12043 29.7561 -1.15083 0.031687
365.5 0.544836 29.7664 -1.15146 0.00942986
366 -0.0309588 29.7655 -1.15165 -0.0128439
366.5 -0.606742 29.7535 -1.15141 -0.0351258
367 -1.1823 29.7304 -1.15074 -0.0574077
367.5 -1.75741 29.6961 -1.14964 -0.0796812
368 -2.33187 29.6507 -1.1481 -0.101938
368.5 -2.90545 29.5942 -1.14614 -0.124169
369 -3.47794 29.5266 -1.14374 -0.146367
369.5 -4.04912 29.4478 -1.14091 -0.168523
370 -4.61878 29.3581 -1.13766 -0.190628
370.5 -5.18671 29.2572 -1.13397 -0.212675
371 -5.75268 29.1454 -1.12985 -0.234654
371.5 -6.31649 29.0226 -1.12531 -0.256557
372 -6.87792 28.8888 -1.12033 -0.278377
372.5 -7.43675 28.7442 -1.11494 -0.300104
373 -7.99279 28.5888 -1.10912 -0.32173
373.5 -8.5458 28.4225 -1.10288 -0.343247
374 -9.09559 28.2455 -1.09621 -0.364647
374.5 -9.64195 28.0579 -1.08913 -0.385921
375 -10.1847 27.8596 -1.08164 -0.40706
375.5 -10.7235 27.6508 -1.07373 -0.428058
376 -11.2583 27.4316 -1.06541 -0.448905
376.5 -11.7889 27.202 -1.05668 -0.469593
377 -12.3149 26.962 -1.04755 -0.490115
377.5 -12.8364 26.7119 -1.03802 -0.510462
378 -13.3529 26.4516 -1.02808 -0.530626
378.5 -13.8644 26.1813 -1.01775 -0.550599
379 -14.3706 25.901 -1.00703 -0.570374
379.5 -14.8713 25.6109 -0.995925 -0.589942
380 -15.3664 25.3111 -0.984433 -0.609296
380.5 -15.8557 25.0017 -0.97256 -0.628428
381 -16.3389 24.6827 -0.960311 -0.647331
381.5 -16.816 24.3544 -0.947691 -0.665996
382 -17.2866 24.0168 -0.934704 -0.684417
382.5 -17.7506 23.67 -0.921355 -0.702586
383 -18.2079 23.3142 -0.907648 -0.720496
383.5 -18.6582 22.9496 -0.893588 -0.73814
384 -19.1014 22.5761 -0.879181 -0.755509
384.5 -19.5373 22.1941 -0.864432 -0.772599
385 -19.9658 21.8036 -0.849347 -0.789401
385.5 -20.3866 21.4047 -0.83393 -0.805908
386 -20.7997 20.9977 -0.818189 -0.822115
386.5 -21.2048 20.5827 -0.802127 -0.838014
387 -21.6017 20.1598 -0.785752 -0.853599
387.5 -21.9905 19.7291 -0.76907 -0.868864
388 -22.3708 19.2909 -0.752087 -0.883802
388.5 -22.7425 18.8454 -0.73481 -0.898408
389 -23.1055 18.3926 -0.717244 -0.912675
389.5 -23.4597 17.9328 -0.699397 -0.926597
390 -23.8049 17.466 -0.681276 -0.940169
390.5 -24.1409 16.9926 -0.662887 -0.953385
391 -24.4677 16.5127 -0.644237 -0.96624
391.5 -24.7851 16.0265 -0.625334 -0.978729
392 -25.093 15.5341 -0.606184 -0.990845
392.5 -25.3913 15.0357 -0.586796 -1.00259
393 -25.6798 14.5315 -0.567177 -1.01394
393.5 -25.9584 14.0218 -0.547334 -1.02492
394 -26.2271 13.5067 -0.527275 -1.0355
394.5 -26.4857 12.9864 -0.507008 -1.04568
395 -26.7341 12.4611 -0.486541 -1.05547
395.5 -26.9722 11.931 -0.465881 -1.06485
396 -27.1999 11.3963 -0.445038 -1.07383
396.5 -27.4172 10.8572 -0.424018 -1.08239
397 -27.6239 10.3139 -0.40283 -1.09054
397.5 -27.82 9.76672 -0.381483 -1.09827
398 -28.0054 9.21573 -0.359985 -1.10558
398.5 -28.1799 8.6612 -0.338344 -1.11247
399 -28.3437 8.10333 -0.31657 -1.11893
399.5 -28.4965 7.54234 -0.294669 -1.12496
400 -28.6383 6.97844 -0.272652 -1.13055
400.5 -28.7691 6.41186 -0.250527 -1.13571
401 -28.8888 5.8428 -0.228302 -1.14044
401.5 -28.9974 5.27149 -0.205986 -1.14472
402 -29.0948 4.69815 -0.183589 -1.14856
402.5 -29.181 4.123 -0.161119 -1.15197
403 -29.2559 3.54626 -0.138585 -1.15492
403.5 -29.3196 2.96815 -0.115996 -1.15744
404 -29.3719 2.38889 -0.0933607 -1.1595
404.5 -29.4129 1.80872 -0.0706884 -1.16112
405 -29.4426 1.22784 -0.0479881 -1.16229
405.5 -29.4609 0.646496 -0.0252686 -1.16301
406 -29.4679 0.0649 -0.00253914 -1.16329
406.5 -29.4635 -0.516721 0.0201913 -1.16311
407 -29.4477 -1.09814 0.0429138 -1.16249
407.5 -29.4205 -1.67914 0.0656192 -1.16142
408 -29.3821 -2.25949 0.0882985 -1.1599
408.5 -29.3322 -2.83897 0.110943 -1.15794
409 -29.2711 -3.41736 0.133543 -1.15552
409.5 -29.1987 -3.99442 0.15609 -1.15266
410 -29.115 -4.56995 0.178575 -1.14936
410.5 -29.0202 -5.14371 0.200989 -1.14562
411 -28.9141 -5.7155 0.223324 -1.14143
411.5 -28.7968 -6.28507 0.245569 -1.1368
412 -28.6685 -6.85223 0.267718 -1.13174
412.5 -28.5291 -7.41675 0.28976 -1.12624
413 -28.3788 -7.9784 0.311687 -1.12031
413.5 -28.2175 -8.53699 0.333491 -1.11395
414 -28.0453 -9.09228 0.355162 -1.10716
414.5 -27.8623 -9.64408 0.376693 -1.09994
415 -27.6686 -10.1922 0.398074 -1.0923
415.5 -27.4643 -10.7363 0.419298 -1.08425
416 -27.2494 -11.2763 0.440356 -1.07578
416.5 -27.024 -11.812 0.461239 -1.06689
417 -26.7882 -12.3432 0.481941 -1.0576
417.5 -26.542 -12.8696 0.502451 -1.0479
418 -26.2857 -13.391 0.522764 -1.03781
418.5 -26.0193 -13.9073 0.54287 -1.02731
419 -25.7429 -14.4183 0.562761 -1.01643
419.5 -25.4566 -14.9237 0.582431 -1.00515
420 -25.1605 -15.4233 0.601871 -0.993499
420.5 -24.8548 -15.9171 0.621074 -0.981466
421 -24.5395 -16.4048 0.640033 -0.96906
421.5 -24.2148 -16.8861 0.65874 -0.956287
422 -23.8808 -17.361 0.677188 -0.943151
422.5 -23.5376 -17.8292 0.69537 -0.929658
423 -23.1854 -18.2906 0.713278 -0.915813
423.5 -22.8244 -18.745 0.730907 -0.901623
424 -22.4546 -19.1922 0.74825 -0.887092
424.5 -22.0762 -19.632 0.765299 -0.872228
425 -21.6893 -20.0643 0.782048 -0.857036
425.5 -21.2942 -20.489 0.798492 -0.841522
426 -20.8909 -20.9058 0.814624 -0.825692
426.5 -20.4796 -21.3146 0.830438 -0.809554
427 -20.0605 -21.7153 0.845927 -0.793113
427.5 -19.6337 -22.1077 0.861087 -0.776376
428 -19.1995 -22.4916 0.875911 -0.759351
428.5 -18.7579 -22.867 0.890395 -0.742043
429 -18.3091 -23.2336 0.904532 -0.72446
429.5 -17.8534 -23.5914 0.918318 -0.706609
430 -17.3909 -23.9402 0.931748 -0.688498
430.5 -16.9217 -24.2799 0.944816 -0.670132
431 -16.4461 -24.6103 0.957519 -0.651521
431.5 -15.9643 -24.9314 0.969851 -0.632671
432 -15.4763 -25.2429 0.981808 -0.61359
432.5 -14.9825 -25.5449 0.993385 -0.594285
433 -14.483 -25.8372 1.00458 -0.574764
433.5 -13.978 -26.1196 1.01539 -0.555035
434 -13.4677 -26.3922 1.0258 -0.535105
434.5 -12.9522 -26.6547 1.03583 -0.514983
435 -12.4319 -26.9071 1.04545 -0.494677
435.5 -11.9069 -27.1494 1.05467 -0.474193
436 -11.3773 -27.3813 1.06349 -0.453542
436.5 -10.8434 -27.6029 1.0719 -0.43273
437 -10.3055 -27.814 1.0799 -0.411765
437.5 -9.7636 -28.0146 1.08749 -0.390657
438 -9.21805 -28.2046 1.09466 -0.369413
438.5 -8.66901 -28.384 1.10142 -0.348041
439 -8.1167 -28.5527 1.10775 -0.326549
439.5 -7.56132 -28.7105 1.11367 -0.304947
440 -7.0031 -28.8576 1.11916 -0.283242
440.5 -6.44223 -28.9938 1.12423 -0.261443
441 -5.87894 -29.119 1.12887 -0.239557
441.5 -5.31344 -29.2333 1.13308 -0.217594
442 -4.74593 -29.3366 1.13686 -0.195563
442.5 -4.17664 -29.4289 1.14022 -0.17347
443 -3.60578 -29.5101 1.14314 -0.151325
443.5 -3.03357 -29.5802 1.14563 -0.129136
444 -2.46022 -29.6392 1.1477 -0.106911
444.5 -1.88594 -29.6871 1.14933 -0.0846599
445 -1.31096 -29.7239 1.15052 -0.0623897
445.5 -0.735488 -29.7495 1.15129 -0.0401092
446 -0.159739 -29.764 1.15163 -0.0178267
446.5 0.416069 -29.7673 1.15153 0.00444937
447 0.991722 -29.7595 1.151 0.0267107
447.5 1.567 -29.7406 1.15005 0.048949
448 2.1417 -29.7106 1.14866 0.071156
448.5 2.7156 -29.6694 1.14685 0.0933235
449 3.28848 -29.6173 1.14461 0.115443
449.5 3.86014 -29.554 1.14194 0.137507
450 4.43036 -29.4798 1.13885 0.159507
450.5 4.99893 -29.3945 1.13534 0.181434
451 5.56563 -29.2983 1.13141 0.203282
451.5 6.13027 -29.1913 1.12706 0.225041
452 6.69262 -29.0733 1.12229 0.246704
452.5 7.25249 -28.9446 1.11711 0.268263
453 7.80967 -28.8051 1.11152 0.28971
453.5 8.36394 -28.6549 1.10551 0.311038
454 8.91511 -28.494 1.0991 0.332238
454.5 9.46298 -28.3227 1.09229 0.353303
455 10.0073 -28.1408 1.08507 0.374226
455.5 10.548 -27.9485 1.07746 0.394998
456 11.0847 -27.7458 1.06945 0.415613
456.5 11.6174 -27.5329 1.06106 0.436063
457 12.1457 -27.3098 1.05227 0.456341
457.5 12.6696 -27.0766 1.0431 0.476439
458 13.1888 -26.8333 1.03355 0.496351
458.5 13.7031 -26.5802 1.02362 0.516069
459 14.2123 -26.3173 1.01332 0.535586
459.5 14.7163 -26.0447 1.00265 0.554896
460 15.2149 -25.7625 0.99162 0.573992
460.5 15.7079 -25.4707 0.980228 0.592866
461 16.1951 -25.1696 0.968481 0.611513
461.5 16.6763 -24.8593 0.956383 0.629926
462 17.1514 -24.5397 0.943939 0.648098
462.5 17.6202 -24.2112 0.931154 0.666023
463 18.0825 -23.8738 0.918032 0.683695
463.5 18.5382 -23.5275 0.90458 0.701107
464 18.987 -23.1727 0.890802 0.718254
464.5 19.4289 -22.8093 0.876703 0.73513
465 19.8637 -22.4376 0.862289 0.751729
465.5 20.2912 -22.0576 0.847564 0.768045
466 20.7112 -21.6696 0.832536 0.784072
466.5 21.1237 -21.2736 0.817209 0.799805
467 21.5284 -20.8698 0.801588 0.815239
467.5 21.9252 -20.4584 0.785681 0.830368
468 22.314 -20.0395 0.769493 0.845188
468.5 22.6947 -19.6133 0.753029 0.859692
469 23.067 -19.1799 0.736297 0.873877
469.5 23.4309 -18.7395 0.719301 0.887737
470 23.7863 -18.2922 0.702049 0.901267
470.5 24.1329 -17.8383 0.684547 0.914464
471 24.4708 -17.3778 0.6668 0.927322
471.5 24.7997 -16.911 0.648817 0.939838
472 25.1195 -16.438 0.630602 0.952006
472.5 25.4302 -15.959 0.612163 0.963823
473 25.7317 -15.4742 0.593507 0.975285
473.5 26.0237 -14.9838 0.57464 0.986389
474 26.3063 -14.4879 0.555569 0.997129
474.5 26.5793 -13.9867 0.536301 1.0075
475 26.8426 -13.4805 0.516843 1.01751
475.5 27.0961 -12.9693 0.497202 1.02714
476 27.3397 -12.4534 0.477385 1.03639
476.5 27.5734 -11.933 0.457398 1.04527
477 27.7971 -11.4082 0.43725 1.05376
477.5 28.0107 -10.8793 0.416948 1.06187
478 28.214 -10.3464 0.396498 1.06959
478.5 28.4071 -9.80972 0.375908 1.07692
479 28.5899 -9.26951 0.355185 1.08386
479.5 28.7623 -8.72593 0.334336 1.0904
480 28.9242 -8.17917 0.31337 1.09654
480.5 29.0756 -7.62945 0.292293 1.10229
481 29.2165 -7.07695 0.271113 1.10763
481.5 29.3467 -6.52188 0.249838 1.11257
482 29.4663 -5.96444 0.228474 1.11711
482.5 29.5752 -5.40484 0.20703 1.12124
483 29.6733 -4.84327 0.185513 1.12496
483.5 29.7607 -4.27994 0.16393 1.12827
484 29.8373 -3.71506 0.14229 1.13118
484.5 29.903 -3.14883 0.1206 1.13367
485 29.9579 -2.58146 0.0988673 1.13575
485.5 30.0019 -2.01315 0.0770998 1.13742
486 30.035 -1.44411 0.0553051 1.13867
486.5 30.0572 -0.874545 0.0334909 1.13951
487 30.0684 -0.304663 0.011665 1.13994
487.5 30.0688 0.265329 -0.0101651 1.13996
488 30.0583 0.835225 -0.0319916 1.13956
488.5 30.0368 1.40482 -0.0538068 1.13874
489 30.0045 1.9739 -0.0756031 1.13752
489.5 29.9612 2.54227 -0.0973728 1.13588
490 29.9071 3.10971 -0.119108 1.13382
490.5 29.8421 3.67603 -0.140802 1.13136
491 29.7663 4.24101 -0.162446 1.12849
491.5 29.6797 4.80445 -0.184032 1.1252
492 29.5823 5.36614 -0.205554 1.12151
492.5 29.4742 5.92589 -0.227004 1.11741
493 29.3553 6.48348 -0.248373 1.1129
493.5 29.2258 7.03872 -0.269655 1.10799
494 29.0857 7.59141 -0.290842 1.10267
494.5 28.935 8.14133 -0.311926 1.09695
495 28.7738 8.6883 -0.3329 1.09084
495.5 28.6021 9.2321 -0.353757 1.08432
496 28.42 9.77255 -0.374489 1.07741
496.5 28.2276 10.3095 -0.395088 1.07011
497 28.025 10.8426 -0.415549 1.06242
497.5 27.8121 11.3718 -0.435862 1.05434
498 27.5891 11.8969 -0.456021 1.04587
498.5 27.3561 12.4176 -0.476018 1.03702
499 27.1131 12.9338 -0.495848 1.02779
499.5 26.8603 13.4453 -0.515501 1.01818
500 26.5977 13.952 -0.534972 1.00821
500.5 26.3253 14.4535 -0.554254 0.997856
501 26.0434 14.9498 -0.573339 0.987141
501.5 25.752 15.4406 -0.59222 0.976062
502 25.4512 15.9258 -0.610891 0.964625
502.5 25.1412 16.4051 -0.629345 0.952832
503 24.8219 16.8785 -0.647575 0.940687
503.5 24.4936 17.3458 -0.665575 0.928196
504 24.1564 17.8067 -0.683338 0.915361
504.5 23.8103 18.2611 -0.700858 0.902187
505 23.4556 18.7088 -0.718128 0.888679
505.5 23.0922 19.1497 -0.735141 0.874842
506 22.7205 19.5836 -0.751892 0.860679
506.5 22.3404 20.0103 -0.768375 0.846197
507 21.9521 20.4297 -0.784582 0.831399
507.5 21.5559 20.8417 -0.800509 0.816291
508 21.1517 21.246 -0.816149 0.800877
508.5 20.7398 21.6425 -0.831497 0.785164
509 20.3202 22.0311 -0.846546 0.769157
509.5 19.8933 22.4116 -0.861292 0.752861
510 19.459 22.7839 -0.875728 0.736281
510.5 19.0176 23.1479 -0.889849 0.719424
