0 1 0 0 6.28
0.13 0.684601 0.729107 -4.57607 4.29978
0.26 -0.0625144 0.998541 -6.26497 -0.389008
0.39 -0.770357 0.638967 -4.00774 -4.82817
0.52 -0.993466 -0.12277 0.769273 -6.22654
0.65 -0.591657 -0.807293 5.06223 -3.70768
0.78 0.18241 -0.983794 6.17127 1.14691
0.91 0.841521 -0.540715 3.39294 5.28321
1.04 0.9702 0.243143 -1.52571 6.09118
1.17 0.487255 0.873754 -5.48173 3.06005
1.3 -0.302749 0.953931 -5.98256 -1.8954
1.43 -0.902315 0.433715 -2.71945 -5.65366
1.56 -0.934518 -0.359281 2.25176 -5.85533
1.69 -0.379188 -0.926384 5.80807 -2.37482
1.82 0.414616 -0.910701 5.71186 2.60313
1.95 0.947294 -0.321623 2.01779 5.94558
2.08 0.883125 0.470075 -2.94871 5.54298
2.21 0.262575 0.965681 -6.05596 1.64985
2.34 -0.523356 0.853447 -5.35017 -3.27753
2.47 -0.98028 0.204511 -1.28205 -6.14037
2.6 -0.821221 -0.572972 3.59053 -5.14391
2.73 -0.146095 -0.990349 6.20814 -0.913191
2.86 0.62084 -0.78487 4.92186 3.89586
2.99 0.996924 -0.0853688 0.535621 6.25533
3.12 0.7452 0.667899 -4.18811 4.67613
3.25 0.024311 1.00077 -6.27335 0.155615
3.38 -0.711974 0.704247 -4.41313 -4.45816
3.51 -1.00099 -0.0347976 0.21768 -6.2683
3.64 -0.661388 -0.752003 4.71162 -4.14135
3.77 0.0936765 -0.996751 6.24732 0.589784
3.9 0.789765 -0.614781 3.85458 4.95418
4.03 0.98885 0.154021 -0.965403 6.20291
4.16 0.565561 0.825914 -5.17696 3.54832
4.29 -0.213545 0.978351 -6.13025 -1.33482
4.42 -0.858573 0.51602 -3.23244 -5.3748
4.55 -0.964619 -0.270322 1.69285 -6.03878
4.68 -0.465197 -0.886978 5.55637 -2.91154
4.81 0.326327 -0.94655 5.93176 2.04761
4.94 0.91265 -0.411129 2.57729 5.72332
5.07 0.924885 0.382884 -2.39948 5.80001
5.2 0.35537 0.936121 -5.86538 2.22989
5.33 -0.43758 0.901069 -5.64367 -2.73748
5.46 -0.955903 0.300282 -1.88041 -5.98244
5.59 -0.874536 -0.488929 3.06138 -5.47326
5.72 -0.244494 -0.971354 6.08397 -1.52869
5.85 0.538988 -0.843872 5.28746 3.37966
5.98 0.983696 -0.186094 1.16655 6.16707
6.11 0.809927 0.588689 -3.68805 5.07771
6.24 0.127064 0.99353 -6.22249 0.799054
6.37 -0.635691 0.77453 -4.84918 -3.97676
6.5 -0.999752 0.0696296 -0.435965 -6.2551
6.63 -0.736986 -0.678944 4.25035 -4.61099
6.76 -0.0120292 -1.00166 6.2728 -0.0726743
6.89 0.720403 -0.695604 4.35773 4.5154
7.02 1.00022 0.0474267 -0.296603 6.26881
7.15 0.651515 0.760682 -4.76381 4.08366
7.28 -0.106417 0.996274 -6.23707 -0.663004
7.41 -0.797691 0.606831 -3.7978 -4.98919
7.54 -0.989013 -0.163024 1.02014 -6.18619
7.67 -0.560567 -0.830712 5.19955 -3.5059
7.8 0.219298 -0.977513 6.12065 1.37571
7.93 0.861467 -0.510868 3.1999 5.39784
8.06 0.962622 0.276582 -1.73152 6.0314
8.19 0.459259 0.890392 -5.57394 2.87842
8.32 -0.332373 0.945538 -5.91699 -2.07679
8.45 -0.91576 0.407972 -2.55233 -5.72618
8.58 -0.925569 -0.38517 2.40979 -5.78777
8.71 -0.355635 -0.937025 5.86401 -2.22285
8.84 0.437153 -0.901498 5.64379 2.73923
8.97 0.955613 -0.300394 1.8814 5.98595
9.1 0.874223 0.48927 -3.06233 5.47593
9.23 0.244199 0.971964 -6.08211 1.53141
9.36 -0.539027 0.845319 -5.2877 -3.36873
9.49 -0.984734 0.189209 -1.18325 -6.1558
9.62 -0.81403 -0.585361 3.66151 -5.08886
9.75 -0.133655 -0.993372 6.21565 -0.833593
9.88 0.630403 -0.77885 4.87515 3.94818
10.01 0.99903 -0.0758555 0.475511 6.25603
10.14 0.740893 0.67475 -4.22186 4.63955
10.27 0.0181284 1.00232 -6.2695 0.116618
10.4 -0.716098 0.702053 -4.38982 -4.47476
10.53 -1.00223 -0.0376179 0.235386 -6.2635
10.66 -0.661335 -0.753751 4.71392 -4.13299
10.79 0.093474 -0.998036 6.24386 0.587381
10.92 0.789647 -0.617033 3.86164 4.94375
11.05 0.990713 0.150811 -0.942867 6.20206
11.18 0.57061 0.824143 -5.15468 3.57256
11.31 -0.207074 0.981188 -6.13476 -1.2916
11.44 -0.855258 0.524136 -3.27608 -5.34314
11.57 -0.96862 -0.260732 1.63006 -6.05185
11.7 -0.476266 -0.88253 5.51832 -2.97513
11.83 0.31406 -0.952027 5.95507 1.96692
11.96 0.90761 -0.425235 2.66095 5.68049
12.09 0.932361 0.368045 -2.30129 5.83498
12.22 0.372916 0.930786 -5.81939 2.33497
12.35 -0.420067 0.910909 -5.69304 -2.6224
12.48 -0.950451 0.321379 -2.00795 -5.93632
12.61 -0.886843 -0.469027 2.93149 -5.53945
12.74 -0.268889 -0.966205 6.04053 -1.67826
12.87 0.517213 -0.858886 5.37158 3.23691
13 0.979409 -0.213787 1.33793 6.12797
13.13 0.828133 0.565238 -3.53339 5.18116
13.26 0.158336 0.990449 -6.18989 0.992832
13.39 -0.610596 0.796211 -4.97422 -3.81187
13.52 -0.998065 0.104428 -0.651973 -6.2321
13.65 -0.762125 -0.652586 4.07788 -4.7591
13.78 -0.0499756 -1.00176 6.2618 -0.309742
13.91 0.693357 -0.72436 4.52948 4.33744
14.04 1.00266 0.00642349 -0.0391543 6.2715
14.17 0.684299 0.733224 -4.58195 4.28018
14.3 -0.0622102 1.00141 -6.25581 -0.385499
14.43 -0.769947 0.643804 -4.02052 -4.80583
14.56 -0.996978 -0.115819 0.723816 -6.22372
14.69 -0.601581 -0.803117 5.01755 -3.75534
14.82 0.169577 -0.988652 6.17888 1.06228
14.95 0.83463 -0.555992 3.47614 5.21941
15.08 0.977464 0.22453 -1.40221 6.11197
15.21 0.5088 0.864648 -5.4012 3.18201
15.34 -0.277975 0.964376 -6.02204 -1.73288
15.47 -0.891279 0.461946 -2.88368 -5.56187
15.6 -0.948465 -0.328755 2.05329 -5.91939
15.73 -0.413765 -0.914258 5.71092 -2.58165
15.86 0.379285 -0.928725 5.8034 2.37228
15.99 0.935183 -0.362649 2.26718 5.84636
16.12 0.906247 0.430225 -2.68676 5.66487
16.25 0.31076 0.954225 -5.95842 1.94391
16.38 -0.4789 0.882339 -5.50757 -2.9866
16.51 -0.969854 0.259943 -1.6219 -6.0507
16.64 -0.856001 -0.524566 3.27531 -5.34096
16.77 -0.208169 -0.981784 6.13169 -1.29736
16.9 0.569569 -0.825961 5.16038 3.56038
17.03 0.991345 -0.154012 0.963288 6.19549
17.16 0.793517 0.614227 -3.83484 4.95874
17.29 0.0999754 0.998872 -6.2347 0.627243
17.42 -0.656052 0.760262 -4.74372 -4.0911
17.55 -1.00313 0.0476535 -0.296678 -6.25678
17.68 -0.724969 -0.694647 4.3363 -4.52214
17.81 0.00527692 -1.00368 6.26742 0.0354927
17.94 0.732157 -0.686181 4.28636 4.57491
18.07 1.00167 0.0599337 -0.372981 6.25802
18.2 0.645522 0.768663 -4.79741 4.0329
18.33 -0.11359 0.997721 -6.22501 -0.705724
18.46 -0.801981 0.604745 -3.77189 -5.00016
18.59 -0.99077 -0.165015 1.03021 -6.17816
18.72 -0.562295 -0.831938 5.19232 -3.50623
