0 -1 0 0 7
0.103 -0.802304 0.673757 3.62685 5.67912
0.206 -0.318639 1.11989 5.42441 2.90367
0.309 0.256539 1.27757 5.52933 0.249951
0.412 0.788942 1.19445 4.70583 -1.74802
0.515 1.21163 0.939867 3.45666 -3.09597
0.618 1.4949 0.575197 2.0252 -3.90331
0.721 1.62643 0.151365 0.522523 -4.25524
0.824 1.60204 -0.28715 -0.99511 -4.19104
0.927 1.42243 -0.697508 -2.48317 -3.70346
1.03 1.09377 -1.03373 -3.87395 -2.73856
1.133 0.632414 -1.24194 -5.02581 -1.19889
1.236 0.0769148 -1.25736 -5.62936 1.01592
1.339 -0.487986 -1.01195 -5.08008 3.80994
1.442 -0.903646 -0.480014 -2.64587 6.34092
1.545 -0.979711 0.223588 1.25464 6.85863
1.648 -0.672549 0.843761 4.40995 4.87554
1.751 -0.140994 1.19896 5.60093 2.01895
1.854 0.431477 1.27423 5.34158 -0.448564
1.957 0.934519 1.13034 4.34636 -2.23333
2.06 1.31579 0.835371 3.02257 -3.40098
2.163 1.55254 0.447178 1.5607 -4.05918
2.266 1.63561 0.0141644 0.0485704 -4.27929
2.369 1.5625 -0.420217 -1.46499 -4.08598
2.472 1.33538 -0.812663 -2.9322 -3.4575
2.575 0.962829 -1.11522 -4.26919 -2.32531
2.678 0.466384 -1.27072 -5.29472 -0.582913
2.781 -0.104224 -1.2115 -5.61931 1.84366
2.884 -0.643243 -0.874996 -4.54433 4.70074
2.987 -0.970695 -0.268146 -1.50203 6.7964
3.09 -0.920231 0.438271 2.42463 6.45202
3.193 -0.520945 0.986508 4.98671 3.99381
3.296 0.0399786 1.25028 5.63646 1.18003
3.399 0.599219 1.24955 5.08485 -1.07836
3.502 1.06803 1.05161 3.95649 -2.65841
3.605 1.40579 0.721875 2.57579 -3.65671
3.708 1.59517 0.314835 1.0916 -4.17277
3.811 1.62955 -0.123166 -0.425507 -4.26346
3.914 1.50792 -0.549237 -1.93061 -3.93893
4.017 1.23407 -0.919138 -3.36925 -3.16281
4.12 0.81963 -1.18248 -4.63562 -1.85256
4.223 0.292717 -1.27859 -5.49801 0.101683
4.326 -0.282936 -1.1382 -5.47368 2.7208
4.429 -0.777991 -0.710316 -3.80314 5.5252
4.532 -0.999156 -0.0456697 -0.258049 6.99412
4.635 -0.825435 0.636212 3.44234 5.82716
4.738 -0.353993 1.10038 5.3682 3.08741
4.841 0.220171 1.27556 5.55698 0.40099
4.944 0.757801 1.20572 4.77437 -1.64083
5.047 1.18861 0.96015 3.54334 -3.02692
5.15 1.48126 0.600919 2.11951 -3.86583
5.253 1.62267 0.179507 0.619489 -4.24531
5.356 1.60827 -0.259344 -0.89848 -4.20758
5.459 1.43847 -0.672835 -2.39013 -3.74828
5.562 1.11897 -1.01532 -3.79043 -2.81639
5.665 0.665227 -1.23354 -4.9646 -1.31669
5.768 0.113804 -1.26337 -5.61767 0.854292
5.871 -0.454428 -1.03619 -5.16556 3.62537
5.974 -0.885629 -0.521015 -2.86039 6.22121
6.077 -0.987099 0.178647 1.00365 6.90985
6.18 -0.700954 0.811384 4.26699 5.04716
6.283 -0.177632 1.18526 5.5767 2.19615
6.386 0.396266 1.27686 5.38556 -0.311349
6.489 0.905699 1.14485 4.42225 -2.13883
6.592 1.29561 0.857706 3.11242 -3.34238
6.695 1.54195 0.473965 1.65624 -4.03058
6.798 1.63497 0.0424983 0.145742 -4.2776
6.901 1.57183 -0.393074 -1.36904 -4.11102
7.004 1.35438 -0.789579 -2.84126 -3.51199
7.107 0.990643 -1.09949 -4.19075 -2.41485
7.21 0.500992 -1.26633 -5.24509 -0.714497
7.313 -0.0673313 -1.22291 -5.63207 1.67032
7.416 -0.613068 -0.905094 -4.67025 4.5231
7.519 -0.96007 -0.312282 -1.74536 6.72342
7.622 -0.935354 0.395812 2.19696 6.55411
7.725 -0.553279 0.959856 4.8852 4.17673
7.828 0.00299769 1.24211 5.63879 1.34666
7.931 0.56563 1.25636 5.14165 -0.954996
8.034 1.04174 1.06897 4.03807 -2.57586
8.137 1.38853 0.745937 2.66804 -3.60797
8.24 1.58766 0.342408 1.188 -4.15275
8.343 1.63204 -0.0949049 -0.328392 -4.26999
8.446 1.52032 -0.523033 -1.8357 -3.97273
8.549 1.25596 -0.897964 -3.28111 -3.22753
8.652 0.84987 -1.16983 -4.56378 -1.95455
8.755 0.3287 -1.27866 -5.46318 -0.0438695
8.858 -0.24691 -1.15533 -5.51623 2.53894
8.961 -0.752537 -0.74587 -3.97116 5.36587
9.064 -0.996625 -0.0912867 -0.515494 6.97649
9.167 -0.847342 0.597699 3.24971 5.96884
9.27 -0.388971 1.07965 5.30479 3.27185
9.373 0.183618 1.27255 5.58082 0.554843
9.476 0.726201 1.21628 4.84117 -1.53092
9.579 1.16501 0.979979 3.62929 -2.95562
9.682 1.46699 0.626401 2.21356 -3.82645
9.785 1.61827 0.207593 0.716431 -4.23366
9.888 1.61387 -0.231421 -0.80169 -4.2224
9.991 1.4539 -0.647858 -2.29667 -3.7912
