0 1 0 0 1
1 -6.62998 -6.67961 -2.23172 -2.52561
2 -8.73418 -9.07535 -2.00017 -2.2887
3 -10.6598 -11.2861 -1.86121 -2.14294
4 -12.4708 -13.3757 -1.76619 -2.04169
5 -14.2003 -15.3779 -1.69611 -1.96616
6 -15.8682 -17.3134 -1.64177 -1.90709
7 -17.4874 -19.1958 -1.59812 -1.85933
8 -19.0669 -21.0347 -1.56212 -1.81971
9 -20.6135 -22.8372 -1.53181 -1.7862
10 -22.132 -24.6086 -1.50586 -1.7574
11 -23.6263 -26.3532 -1.48335 -1.73233
12 -25.0996 -28.0743 -1.46359 -1.71026
13 -26.5543 -29.7745 -1.44609 -1.69066
14 -27.9924 -31.4563 -1.43046 -1.67312
15 -29.4157 -33.1213 -1.4164 -1.6573
16 -30.8257 -34.7714 -1.40368 -1.64296
17 -32.2234 -36.4077 -1.39209 -1.62988
18 -33.6102 -38.0315 -1.38149 -1.61789
