0 10.6
1 20.9527
2 29.3466
3 35.995
4 41.0961
5 44.8336
6 47.3777
7 48.8855
8 49.5018
9 49.3596
10 48.581
11 47.2775
12 45.5507
13 43.4929
14 41.1877
15 38.7101
16 36.1276
17 33.5002
18 30.881
19 28.317
20 25.8487
21 23.5114
22 21.335
23 19.3445
24 17.5607
25 16
26 14.675
27 13.5949
28 12.7656
29 12.1901
30 11.8688
31 11.7996
32 11.9782
33 12.3985
34 13.0527
35 13.9312
36 15.0235
37 16.3177
38 17.8009
39 19.4595
40 21.2793
41 23.2456
42 25.3431
43 27.5566
44 29.8704
45 32.269
46 34.737
47 37.259
48 39.82
49 42.4051
50 45
51 47.5908
52 50.164
53 52.7067
54 55.2067
55 57.6522
56 60.0324
57 62.3368
58 64.5559
59 66.6809
60 68.7035
61 70.6163
62 72.4129
63 74.0872
64 75.6342
65 77.0495
66 78.3294
67 79.471
68 80.4721
69 81.3311
70 82.0473
71 82.6205
72 83.051
73 83.3399
74 83.4889
75 83.5
76 83.376
77 83.12
78 82.7357
79 82.2272
80 81.5988
81 80.8553
82 80.002
83 79.0443
84 77.9878
85 76.8384
86 75.6023
87 74.2857
88 72.8951
89 71.4369
90 69.9177
91 68.3441
92 66.7226
93 65.0599
94 63.3625
95 61.6368
96 59.8891
97 58.1256
98 56.3524
99 54.5753
100 52.8
101 51.0319
102 49.2763
103 47.5381
104 45.822
105 44.1324
106 42.4733
107 40.8487
108 39.262
109 37.7164
110 36.2148
111 34.7595
112 33.353
113 31.9969
114 30.6928
115 29.442
116 28.2452
117 27.103
118 26.0158
119 24.9833
120 24.0052
121 23.081
122 22.2096
123 21.39
124 20.6207
125 19.9
126 19.2262
127 18.5972
128 18.0108
129 17.4648
130 16.9565
131 16.4835
132 16.0431
133 15.6327
134 15.2493
135 14.8904
136 14.5532
137 14.2349
138 13.9329
139 13.6446
140 13.3677
141 13.0997
142 12.8385
143 12.5822
144 12.3288
145 12.0769
146 11.825
147 11.5721
148 11.3173
149 11.06
150 10.8
151 10.5373
152 10.2722
153 10.0054
154 9.73776
155 9.47062
156 9.20554
157 8.94439
158 8.68933
159 8.4428
160 8.2075
161 7.98637
162 7.78253
163 7.59931
164 7.44016
165 7.30863
166 7.20832
167 7.14283
168 7.11568
169 7.13029
170 7.18987
171 7.29734
172 7.45526
173 7.66576
174 7.93037
175 8.25
176 8.62474
177 9.0538
178 9.53534
179 10.0663
180 10.6424
181 11.2577
182 11.9047
183 12.5741
184 13.2543
185 13.9317
186 14.5901
187 15.2108
188 15.7718
189 16.2483
190 16.6117
191 16.8299
192 16.8668
193 16.6817
194 16.2294
195 15.4598
196 14.3173
197 12.7408
198 10.6627
199 8.00939
200 4.7
