0 0
0.01 0.0101
0.02 0.0199533
0.03 0.0295573
0.04 0.0389097
0.05 0.048008
0.06 0.05685
0.07 0.0654334
0.08 0.073756
0.09 0.0818158
0.1 0.0896106
0.11 0.0971385
0.12 0.104398
0.13 0.111386
0.14 0.118102
0.15 0.124543
0.16 0.130709
0.17 0.136597
0.18 0.142207
0.19 0.147535
0.2 0.152582
0.21 0.157346
0.22 0.161826
0.23 0.16602
0.24 0.169927
0.25 0.173546
0.26 0.176877
0.27 0.179918
0.28 0.182669
0.29 0.185129
0.3 0.187297
0.31 0.189173
0.32 0.190755
0.33 0.192044
0.34 0.19304
0.35 0.193741
0.36 0.194148
0.37 0.19426
0.38 0.194078
0.39 0.193601
0.4 0.192829
0.41 0.191763
0.42 0.190403
0.43 0.188748
0.44 0.1868
0.45 0.184559
0.46 0.182024
0.47 0.179198
0.48 0.176079
0.49 0.17267
0.5 0.168971
0.51 0.164982
0.52 0.160705
0.53 0.15614
0.54 0.151289
0.55 0.146153
0.56 0.140732
0.57 0.135029
0.58 0.129044
0.59 0.12278
0.6 0.116236
0.61 0.109416
0.62 0.10232
0.63 0.0949508
0.64 0.0873093
0.65 0.0793977
0.66 0.0712178
0.67 0.0627715
0.68 0.054061
0.69 0.0450882
0.7 0.0358553
0.71 0.0263646
0.72 0.0166182
0.73 0.00661868
0.74 -0.00363173
0.75 -0.0141305
0.76 -0.0248751
0.77 -0.035863
0.78 -0.0470915
0.79 -0.0585579
0.8 -0.0702593
0.81 -0.0821931
0.82 -0.0943563
0.83 -0.106746
0.84 -0.119359
0.85 -0.132193
0.86 -0.145243
0.87 -0.158508
0.88 -0.171984
0.89 -0.185668
0.9 -0.199555
0.91 -0.213644
0.92 -0.22793
0.93 -0.24241
0.94 -0.257081
0.95 -0.271939
0.96 -0.28698
0.97 -0.3022
0.98 -0.317597
0.99 -0.333166
1 -0.348903
