0 1 0 0 6.28
0.013 0.996409 0.0815497 -0.512836 6.26066
0.026 0.986168 0.162555 -1.02265 6.19951
0.039 0.969341 0.242475 -1.52604 6.0969
0.052 0.946035 0.320774 -2.01963 5.95343
0.065 0.916401 0.396927 -2.50011 5.77001
0.078 0.880631 0.470423 -2.96423 5.5478
0.091 0.838961 0.540766 -3.40884 5.28822
0.104 0.791666 0.607484 -3.83094 4.99297
0.117 0.739058 0.670125 -4.22765 4.66398
0.13 0.681486 0.728265 -4.59625 4.30341
0.143 0.619335 0.781511 -4.9342 3.91365
0.156 0.553019 0.829502 -5.2392 3.49731
0.169 0.482981 0.87191 -5.50911 3.05716
0.182 0.409691 0.908447 -5.74209 2.59616
0.195 0.333641 0.938863 -5.93649 2.11741
0.208 0.255342 0.96295 -6.09096 1.62415
0.221 0.17532 0.980543 -6.20441 1.11971
0.234 0.0941161 0.991521 -6.27604 0.607533
0.247 0.0122768 0.995806 -6.30533 0.0910866
0.26 -0.0696453 0.993369 -6.29205 -0.426108
0.273 -0.151097 0.984224 -6.23628 -0.940526
0.286 -0.231528 0.968431 -6.13838 -1.44866
0.299 -0.310396 0.946098 -5.99901 -1.94704
0.312 -0.387167 0.917374 -5.81912 -2.43226
0.325 -0.461323 0.882453 -5.59994 -2.90103
0.338 -0.532363 0.841573 -5.34298 -3.35014
0.351 -0.599809 0.795011 -5.04999 -3.77654
0.364 -0.663205 0.743081 -4.723 -4.17733
0.377 -0.722126 0.686137 -4.36424 -4.54981
0.39 -0.776175 0.624563 -3.97619 -4.89145
0.403 -0.824989 0.558778 -3.56149 -5.19997
0.416 -0.868244 0.489226 -3.12301 -5.47328
0.429 -0.905648 0.416378 -2.66373 -5.70959
0.442 -0.936956 0.340727 -2.1868 -5.90732
0.455 -0.961958 0.262784 -1.69546 -6.06519
0.468 -0.980493 0.183073 -1.19305 -6.18218
0.481 -0.992438 0.102131 -0.68299 -6.25756
0.494 -0.99772 0.0205045 -0.168721 -6.29088
0.507 -0.996307 -0.0612602 0.346286 -6.28199
0.52 -0.988215 -0.142614 0.85857 -6.23099
0.533 -0.973502 -0.223013 1.3647 -6.13831
0.546 -0.952273 -0.301919 1.86128 -6.00463
0.559 -0.924674 -0.378806 2.34503 -5.83091
0.572 -0.890896 -0.453161 2.81271 -5.61838
0.585 -0.851169 -0.52449 3.26125 -5.36851
0.598 -0.805762 -0.592319 3.68768 -5.08303
0.611 -0.754983 -0.6562 4.08921 -4.76389
0.624 -0.699174 -0.715709 4.46321 -4.41326
0.637 -0.638711 -0.770453 4.80724 -4.03351
0.65 -0.573998 -0.820072 5.11906 -3.62719
0.663 -0.505469 -0.864238 5.39666 -3.19703
0.676 -0.433582 -0.902662 5.63825 -2.74589
0.689 -0.358815 -0.935093 5.84227 -2.27676
0.702 -0.281667 -0.961317 6.00742 -1.79277
0.715 -0.202651 -0.981164 6.13265 -1.29711
0.728 -0.122291 -0.994506 6.21718 -0.793048
0.741 -0.0411196 -1.00125 6.26047 -0.283898
0.754 0.0403239 -1.00137 6.26227 0.22699
0.767 0.1215 -0.99485 6.22259 0.736264
0.78 0.201872 -0.981741 6.1417 1.24058
0.793 0.280906 -0.962131 6.02014 1.73664
0.806 0.358081 -0.936148 5.85872 2.22119
0.819 0.432884 -0.903966 5.6585 2.69105
0.832 0.50482 -0.865797 5.42077 3.14313
0.845 0.573412 -0.821893 5.14709 3.57447
0.858 0.638205 -0.772544 4.83924 3.98223
0.871 0.698768 -0.718075 4.49922 4.36371
0.884 0.754699 -0.658846 4.12925 4.7164
0.897 0.805625 -0.595247 3.73174 5.03795
0.91 0.851206 -0.527699 3.30927 5.32621
0.923 0.891136 -0.456648 2.86461 5.57926
0.936 0.925148 -0.382564 2.40067 5.79539
0.949 0.953011 -0.305938 1.92048 5.97312
0.962 0.974537 -0.227277 1.42721 6.11124
0.975 0.989577 -0.147104 0.924091 6.20878
0.988 0.998028 -0.0659514 0.414454 6.26502
1.001 0.999828 0.0156406 -0.0983274 6.27954
1.014 0.99496 0.0971282 -0.610849 6.25218
1.027 0.983451 0.177967 -1.1197 6.18305
1.04 0.965374 0.257618 -1.62147 6.07255
1.053 0.940842 0.335546 -2.1128 5.92135
1.066 0.910016 0.411229 -2.59039 5.7304
1.079 0.873096 0.484159 -3.05101 5.50091
1.092 0.830326 0.553844 -3.49155 5.23436
1.105 0.781988 0.619814 -3.909 4.93249
1.118 0.7284 0.681625 -4.30053 4.59727
1.131 0.669921 0.738857 -4.66344 4.23092
1.144 0.606939 0.791123 -4.99526 3.83586
1.157 0.539874 0.838068 -5.29369 3.41474
1.17 0.469176 0.879373 -5.55667 2.97036
1.183 0.395319 0.914755 -5.78236 2.50571
1.196 0.318797 0.943973 -5.96921 2.02393
1.209 0.240127 0.966828 -6.1159 1.52826
1.222 0.159837 0.983162 -6.22139 1.02208
1.235 0.0784686 0.992861 -6.28494 0.508809
1.248 -0.00342947 0.99586 -6.30608 -0.00805351
1.261 -0.0853043 0.992135 -6.28465 -0.524989
1.274 -0.166603 0.98171 -6.22077 -1.03847
1.287 -0.246777 0.964655 -6.11486 -1.545
1.3 -0.325283 0.941084 -5.96765 -2.04112
1.313 -0.401593 0.911156 -5.78013 -2.52345
1.326 -0.47519 0.875075 -5.55359 -2.98869
1.339 -0.545578 0.833083 -5.28958 -3.43368
1.352 -0.612282 0.785467 -4.98991 -3.85539
1.365 -0.674853 0.732548 -4.65665 -4.25097
1.378 -0.73287 0.674686 -4.29208 -4.61773
1.391 -0.785943 0.612272 -3.89871 -4.95319
1.404 -0.833717 0.54573 -3.47924 -5.25512
1.417 -0.875871 0.475509 -3.03653 -5.52147
1.43 -0.912126 0.402086 -2.57362 -5.7505
1.443 -0.94224 0.325956 -2.09367 -5.94069
1.456 -0.966015 0.247632 -1.59995 -6.0908
1.469 -0.983295 0.167644 -1.09582 -6.19986
1.482 -0.993968 0.0865289 -0.584681 -6.26721
1.495 -0.997968 0.00483298 -0.0700019 -6.29245
1.508 -0.995273 -0.0768954 0.444751 -6.27547
1.521 -0.985906 -0.158108 0.95612 -6.21644
1.534 -0.969935 -0.238262 1.46068 -6.11585
1.547 -0.947473 -0.316822 1.95506 -5.97441
1.56 -0.918675 -0.393263 2.43597 -5.79315
1.573 -0.883738 -0.467076 2.90022 -5.57335
1.586 -0.8429 -0.53777 3.34475 -5.31652
1.599 -0.79644 -0.604877 3.76662 -5.02443
1.612 -0.74467 -0.667952 4.16308 -4.69908
1.625 -0.687939 -0.726578 4.53152 -4.34268
1.638 -0.626629 -0.780367 4.86954 -3.95764
1.651 -0.561151 -0.828965 5.17496 -3.54654
1.664 -0.491943 -0.872053 5.44579 -3.11213
1.677 -0.419466 -0.909347 5.68029 -2.65731
1.69 -0.344204 -0.940604 5.87695 -2.18509
1.703 -0.266658 -0.965618 6.03453 -1.69862
1.716 -0.187343 -0.984227 6.15202 -1.20109
1.729 -0.106786 -0.996311 6.22868 -0.695793
1.742 -0.0255209 -1.00179 6.26403 -0.186051
1.755 0.0559132 -1.00063 6.25788 0.324788
1.768 0.136977 -0.992847 6.21027 0.83337
1.781 0.217133 -0.978484 6.12154 1.33636
1.794 0.295852 -0.957642 5.99228 1.83047
1.807 0.372611 -0.930457 5.82333 2.31244
1.82 0.446902 -0.89711 5.61581 2.77913
1.833 0.518234 -0.857822 5.37107 3.22747
1.846 0.586133 -0.812851 5.09069 3.6545
1.859 0.650148 -0.762494 4.77652 4.05743
1.872 0.709854 -0.707085 4.43059 4.43359
1.885 0.764854 -0.646987 4.05515 4.78048
1.898 0.814781 -0.582598 3.65265 5.09581
1.911 0.859302 -0.514344 3.22571 5.37748
1.924 0.898118 -0.442674 2.77713 5.62358
1.937 0.930968 -0.368065 2.30984 5.83246
1.95 0.957631 -0.291009 1.82689 6.00269
1.963 0.977924 -0.212018 1.33148 6.1331
1.976 0.991709 -0.131616 0.826853 6.22277
1.989 0.998889 -0.0503368 0.316351 6.27104
2.002 0.999411 0.0312774 -0.196645 6.27754
2.015 0.993268 0.112683 -0.708728 6.24216
2.028 0.980493 0.193336 -1.21648 6.16507
2.041 0.961169 0.272698 -1.71651 6.04671
2.054 0.935418 0.350236 -2.20547 5.88781
2.067 0.903407 0.42543 -2.68005 5.68938
2.08 0.865347 0.497775 -3.13707 5.45266
2.093 0.821487 0.566785 -3.57341 5.1792
2.106 0.772117 0.631992 -3.98611 4.87078
2.119 0.717564 0.692957 -4.37235 4.52942
2.132 0.65819 0.749267 -4.7295 4.15738
2.145 0.594392 0.80054 -5.05509 3.75712
2.158 0.526596 0.846428 -5.34688 3.33131
2.171 0.455255 0.886618 -5.60285 2.88281
2.184 0.380848 0.920837 -5.82122 2.41463
2.197 0.303875 0.94885 -6.00046 1.92994
2.21 0.224853 0.970466 -6.13933 1.43199
2.223 0.144314 0.985536 -6.23684 0.924183
2.236 0.0628015 0.993956 -6.29228 0.409953
2.249 -0.0191349 0.995667 -6.30527 -0.107196
2.262 -0.100942 0.990655 -6.27569 -0.623743
2.275 -0.182068 0.978953 -6.20371 -1.13617
2.288 -0.261964 0.960639 -6.08983 -1.64097
2.301 -0.34009 0.935837 -5.93481 -2.1347
2.314 -0.415919 0.904713 -5.7397 -2.61401
2.327 -0.488939 0.867479 -5.50586 -3.07561
2.34 -0.558658 0.824387 -5.23487 -3.51637
2.353 -0.624604 0.775728 -4.9286 -3.93329
2.366 -0.686334 0.721833 -4.58915 -4.32355
2.379 -0.743433 0.663068 -4.21887 -4.68449
2.392 -0.795517 0.599829 -3.82028 -5.0137
2.405 -0.842238 0.532547 -3.39613 -5.30896
2.418 -0.883282 0.461675 -2.94931 -5.56829
2.431 -0.918378 0.387694 -2.48289 -5.78999
2.444 -0.947291 0.311103 -2.00005 -5.97259
2.457 -0.969833 0.23242 -1.50407 -6.1149
2.47 -0.985854 0.152173 -0.998324 -6.21601
2.483 -0.995253 0.0709049 -0.486242 -6.27532
2.496 -0.99797 -0.0108397 0.02872 -6.29246
2.509 -0.993994 -0.0925117 0.543092 -6.2674
2.522 -0.983355 -0.173564 1.05342 -6.20037
2.535 -0.966131 -0.253453 1.55629 -6.09188
2.548 -0.942441 -0.331647 2.04834 -5.94273
2.561 -0.91245 -0.407623 2.5263 -5.75398
2.574 -0.876363 -0.480876 2.98701 -5.52696
2.587 -0.834426 -0.550919 3.42742 -5.26323
2.6 -0.786922 -0.617287 3.84463 -4.96461
2.613 -0.734174 -0.679541 4.23591 -4.63313
2.626 -0.676535 -0.737269 4.5987 -4.27106
2.639 -0.614394 -0.79009 4.93064 -3.88081
2.652 -0.548167 -0.837656 5.22958 -3.46503
2.665 -0.478296 -0.879655 5.49357 -3.02648
2.678 -0.405247 -0.91581 5.72094 -2.56809
2.691 -0.329509 -0.945885 5.9102 -2.0929
2.704 -0.251583 -0.969684 6.06017 -1.60405
2.717 -0.171989 -0.987051 6.16988 -1.10478
2.73 -0.0912551 -0.997874 6.23866 -0.598375
2.743 -0.00991597 -1.00208 6.26607 -0.0881633
2.756 0.0714889 -0.999654 6.25196 0.422502
2.769 0.15242 -0.990602 6.19644 0.930271
2.782 0.232342 -0.974989 6.09989 1.43181
2.795 0.310725 -0.95292 5.96295 1.92384
2.808 0.38705 -0.924539 5.78652 2.40313
2.821 0.460812 -0.890036 5.57176 2.86654
2.834 0.531522 -0.849637 5.32006 3.31102
2.847 0.598711 -0.803611 5.03306 3.73365
2.86 0.661933 -0.752259 4.71264 4.13165
2.873 0.720767 -0.695922 4.36087 4.50239
2.886 0.774823 -0.634971 3.98005 4.84341
2.899 0.823739 -0.569807 3.57266 5.15245
2.912 0.867189 -0.500863 3.14136 5.42743
2.925 0.904881 -0.428593 2.68896 5.66653
2.938 0.936561 -0.353476 2.21843 5.8681
2.951 0.962016 -0.276009 1.73285 6.03079
2.964 0.981072 -0.196707 1.23541 6.15346
2.977 0.993598 -0.116095 0.729399 6.23524
2.99 0.999505 -0.0347099 0.218156 6.27553
3.003 0.99875 0.0469065 -0.29493 6.27401
3.016 0.991332 0.12821 -0.806447 6.23061
3.029 0.977295 0.208657 -1.31298 6.14557
3.042 0.956728 0.28771 -1.81115 6.01938
3.055 0.929764 0.364839 -2.29761 5.85282
3.068 0.896577 0.439527 -2.76907 5.64695
3.081 0.857384 0.51127 -3.22236 5.40307
3.094 0.812445 0.579586 -3.6544 5.12276
3.107 0.762055 0.644014 -4.06224 4.80787
3.12 0.70655 0.704118 -4.44311 4.46045
3.133 0.646297 0.759491 -4.79439 4.0828
3.146 0.581699 0.809759 -5.11368 3.67743
3.159 0.513188 0.854578 -5.39875 3.24705
3.172 0.441222 0.893644 -5.64765 2.79454
3.185 0.366284 0.926691 -5.85863 2.32295
3.198 0.288877 0.953492 -6.03023 1.83546
3.211 0.209523 0.973864 -6.16124 1.33536
3.224 0.128755 0.987667 -6.25073 0.826052
3.237 0.0471189 0.994804 -6.29807 0.31099
3.25 -0.0348356 0.995227 -6.3029 -0.206317
3.263 -0.116555 0.988929 -6.26517 -0.722346
3.276 -0.197487 0.975953 -6.18512 -1.23358
3.289 -0.277085 0.956385 -6.06328 -1.73652
3.302 -0.354812 0.930357 -5.90049 -2.22775
3.315 -0.430142 0.898045 -5.69786 -2.70391
3.328 -0.502567 0.859668 -5.45676 -3.16176
3.341 -0.571599 0.815485 -5.17886 -3.59818
3.354 -0.636771 0.765797 -4.86606 -4.01021
3.367 -0.697645 0.71094 -4.52052 -4.39505
3.38 -0.753812 0.651285 -4.14461 -4.75009
3.393 -0.804894 0.587238 -3.74091 -5.07296
3.406 -0.85055 0.519232 -3.31218 -5.36148
3.419 -0.890475 0.447727 -2.86137 -5.61373
3.432 -0.924403 0.373207 -2.39155 -5.82804
3.445 -0.952109 0.296174 -1.90594 -6.003
3.458 -0.973411 0.21715 -1.40782 -6.13748
3.471 -0.98817 0.136666 -0.900599 -6.23063
3.484 -0.996292 0.0552635 -0.387697 -6.28187
3.497 -0.997727 -0.0265097 0.12742 -6.29092
3.51 -0.99247 -0.108105 0.641283 -6.2578
3.523 -0.980562 -0.188976 1.15044 -6.18277
3.536 -0.962088 -0.268582 1.6515 -6.06643
3.549 -0.937178 -0.346391 2.1411 -5.9096
3.562 -0.906002 -0.421884 2.616 -5.7134
3.575 -0.868773 -0.494559 3.07305 -5.47922
3.588 -0.825746 -0.563933 3.50923 -5.20866
3.601 -0.777212 -0.629546 3.92168 -4.90358
3.614 -0.723498 -0.690964 4.3077 -4.56606
3.627 -0.664966 -0.74778 4.66475 -4.19839
3.64 -0.602009 -0.79962 4.99053 -3.80305
3.653 -0.535049 -0.846143 5.28292 -3.38268
3.666 -0.464532 -0.887042 5.54002 -2.9401
3.679 -0.39093 -0.922049 5.76019 -2.47825
3.692 -0.314733 -0.950936 5.94201 -2.0002
3.705 -0.236448 -0.973513 6.08433 -1.50911
3.718 -0.156594 -0.989634 6.18625 -1.00821
3.731 -0.0757021 -0.999194 6.24712 -0.500817
3.744 0.00569135 -1.00213 6.26658 0.00974098
3.757 0.0870472 -0.998431 6.24452 0.520111
3.77 0.167826 -0.988117 6.1811 1.02694
3.783 0.247494 -0.971257 6.07676 1.52692
3.796 0.325523 -0.947966 5.93218 2.01675
3.809 0.401396 -0.918397 5.74831 2.49324
3.822 0.47461 -0.882745 5.52635 2.95325
3.835 0.544681 -0.841246 5.26775 3.39377
3.848 0.611144 -0.794175 4.9742 3.81189
3.861 0.673557 -0.741841 4.6476 4.20487
3.874 0.731505 -0.68459 4.29009 4.5701
3.887 0.784603 -0.622799 3.90398 4.90516
3.9 0.832496 -0.556878 3.4918 5.20783
3.913 0.874864 -0.48726 3.05623 5.47607
3.926 0.911423 -0.414407 2.60012 5.7081
3.939 0.941926 -0.338801 2.12647 5.90232
3.952 0.966167 -0.260942 1.63836 6.05742
3.965 0.983981 -0.181348 1.13903 6.17231
3.978 0.995244 -0.100546 0.631753 6.24619
3.991 0.999877 -0.0190745 0.119893 6.27848
4.004 0.997844 0.0625241 -0.393157 6.26894
4.017 0.989153 0.143705 -0.903984 6.21754
4.03 0.973857 0.223927 -1.40918 6.12456
4.043 0.952053 0.302652 -1.90536 5.99057
4.056 0.923881 0.379353 -2.38919 5.81639
4.069 0.889525 0.453515 -2.85742 5.60312
4.082 0.849211 0.524638 -3.30687 5.35213
4.095 0.803203 0.592244 -3.7345 5.06505
4.108 0.751806 0.655877 -4.13738 4.74376
4.121 0.695361 0.715105 -4.51278 4.39036
4.134 0.634244 0.769528 -4.85812 4.0072
4.147 0.568862 0.818777 -5.17101 3.59682
4.16 0.499653 0.862517 -5.4493 3.16198
4.173 0.427079 0.900449 -5.69106 2.70557
4.186 0.351629 0.932316 -5.8946 2.23068
4.199 0.273808 0.957898 -6.05851 1.74052
4.212 0.194141 0.977021 -6.18163 1.23839
4.225 0.113165 0.989553 -6.26308 0.727709
4.238 0.0314246 0.995406 -6.30229 0.211945
4.251 -0.0505277 0.99454 -6.29896 -0.305391
4.264 -0.132139 0.986958 -6.2531 -0.820773
4.277 -0.212858 0.972711 -6.16499 -1.33069
4.29 -0.292139 0.951894 -6.03524 -1.83165
4.303 -0.369446 0.924647 -5.86472 -2.32025
4.316 -0.444259 0.891155 -5.65459 -2.79315
4.329 -0.516071 0.851644 -5.40631 -3.24713
4.342 -0.584398 0.806382 -5.12157 -3.6791
4.355 -0.64878 0.755676 -4.80233 -4.08613
4.368 -0.708783 0.69987 -4.45078 -4.46545
4.381 -0.764003 0.639342 -4.06933 -4.81451
4.394 -0.814072 0.574502 -3.66062 -5.13096
4.407 -0.858652 0.505789 -3.22743 -5.41267
4.42 -0.897447 0.433668 -2.77273 -5.65778
4.433 -0.930199 0.358627 -2.29964 -5.86465
4.446 -0.956691 0.281172 -1.81137 -6.03193
4.459 -0.976749 0.201826 -1.31125 -6.15855
4.472 -0.990242 0.121124 -0.802666 -6.2437
4.485 -0.997085 0.0396084 -0.289071 -6.28687
4.498 -0.997237 -0.0421732 0.226074 -6.28784
4.511 -0.990702 -0.123672 0.739302 -6.24665
4.524 -0.977528 -0.204342 1.24717 -6.16366
4.537 -0.95781 -0.283645 1.74629 -6.03948
4.55 -0.931684 -0.361049 2.23332 -5.87502
4.563 -0.899331 -0.436041 2.70504 -5.67143
4.576 -0.860971 -0.50812 3.15832 -5.43014
4.589 -0.816865 -0.576809 3.59017 -5.15282
4.602 -0.767312 -0.641651 3.99776 -4.84136
4.615 -0.712646 -0.702217 4.37842 -4.49788
4.628 -0.653235 -0.758108 4.72966 -4.12471
4.641 -0.589477 -0.808955 5.04919 -3.72437
4.654 -0.5218 -0.854423 5.33496 -3.29952
4.667 -0.450655 -0.894213 5.58511 -2.85302
4.68 -0.376518 -0.928064 5.79803 -2.38782
4.693 -0.299881 -0.955755 5.97237 -1.90702
4.706 -0.221254 -0.977106 6.10701 -1.4138
4.719 -0.14116 -0.991976 6.2011 -0.911403
4.732 -0.0601308 -1.00027 6.25406 -0.403144
4.745 0.0212973 -1.00194 6.26557 0.107638
4.758 0.102584 -0.996966 6.23556 0.617589
4.771 0.183192 -0.985391 6.16427 1.12336
4.784 0.262586 -0.967289 6.05215 1.62165
4.797 0.340241 -0.942782 5.89996 2.10917
4.81 0.415643 -0.912031 5.70869 2.58274
4.823 0.488293 -0.875239 5.47959 3.03925
4.836 0.557708 -0.832651 5.21416 3.4757
4.849 0.623428 -0.784546 4.91413 3.88921
4.862 0.685017 -0.731242 4.58143 4.27707
4.875 0.742065 -0.673091 4.21826 4.6367
4.888 0.794192 -0.610477 3.82695 4.96572
4.901 0.84105 -0.543812 3.41008 5.26194
4.914 0.882326 -0.473539 2.97035 5.52338
4.927 0.917743 -0.40012 2.51064 5.74828
4.94 0.947061 -0.324043 2.03397 5.93511
4.953 0.970082 -0.245811 1.54347 6.08258
4.966 0.986649 -0.165944 1.04235 6.18967
4.979 0.996647 -0.0849723 0.533939 6.25561
4.992 1 -0.00343436 0.0215868 6.2799
5.005 0.996693 0.0781264 -0.491302 6.26233
5.018 0.986731 0.159166 -1.00131 6.20293
5.031 0.970179 0.239142 -1.50504 6.10205
5.044 0.947143 0.31752 -1.99912 5.96028
5.057 0.917771 0.393774 -2.48021 5.77852
5.07 0.882255 0.467391 -2.94508 5.55791
5.083 0.840828 0.537877 -3.39058 5.29987
5.096 0.793763 0.604757 -3.81369 5.00609
5.109 0.741372 0.667578 -4.21152 4.67847
5.122 0.684001 0.725916 -4.58135 4.31918
5.135 0.622035 0.779375 -4.92064 3.9306
5.148 0.555885 0.827594 -5.22707 3.51532
5.161 0.485994 0.870242 -5.4985 3.07611
5.174 0.412831 0.907031 -5.73306 2.61592
5.187 0.336887 0.93771 -5.92911 2.13786
5.2 0.258671 0.962067 -6.08529 1.64514
5.213 0.178712 0.979936 -6.20048 1.1411
5.226 0.0975463 0.991193 -6.27388 0.62918
5.239 0.0157225 0.995761 -6.30495 0.112842
5.252 -0.0662073 0.993606 -6.29346 -0.404393
5.265 -0.14769 0.984742 -6.23947 -0.918999
5.278 -0.228175 0.969227 -6.14333 -1.42746
5.291 -0.307119 0.947166 -6.00569 -1.92632
5.304 -0.383989 0.918707 -5.82749 -2.41217
5.317 -0.458265 0.884043 -5.60993 -2.88169
5.33 -0.529446 0.843408 -5.35452 -3.33169
5.343 -0.597052 0.797079 -5.06301 -3.7591
5.356 -0.660628 0.745368 -4.7374 -4.16103
5.369 -0.719745 0.688627 -4.37993 -4.53475
5.382 -0.774006 0.62724 -3.99306 -4.87774
5.395 -0.823048 0.561623 -3.57943 -5.18768
5.408 -0.866542 0.49222 -3.14188 -5.46252
5.421 -0.904198 0.419501 -2.68342 -5.70041
5.434 -0.935766 0.343958 -2.20716 -5.8998
5.447 -0.961037 0.2661 -1.71636 -6.05937
5.46 -0.979846 0.186453 -1.21436 -6.17809
5.473 -0.992071 0.105553 -0.704548 -6.25523
5.486 -0.997633 0.0239436 -0.190388 -6.29033
5.499 -0.996502 -0.0578262 0.324658 -6.2832
5.512 -0.98869 -0.139208 0.837124 -6.23397
5.525 -0.974254 -0.219658 1.34358 -6.14303
5.538 -0.953296 -0.298637 1.84063 -6.01106
5.551 -0.925962 -0.375619 2.32498 -5.839
5.564 -0.892439 -0.450091 2.7934 -5.62807
5.577 -0.852957 -0.521557 3.24281 -5.37974
5.59 -0.807783 -0.589543 3.67023 -5.09573
5.603 -0.757224 -0.653598 4.07286 -4.77796
5.616 -0.701619 -0.713299 4.44806 -4.42861
5.629 -0.641344 -0.768251 4.7934 -4.05004
5.642 -0.576801 -0.818092 5.10662 -3.64478
5.655 -0.508424 -0.862494 5.38569 -3.21556
5.668 -0.436669 -0.901165 5.62883 -2.76525
5.681 -0.362013 -0.933853 5.83446 -2.29682
5.694 -0.284955 -0.960342 6.00126 -1.81339
5.707 -0.206007 -0.98046 6.1282 -1.31816
5.72 -0.125692 -0.994077 6.21445 -0.81438
5.733 -0.0445448 -1.0011 6.25948 -0.305377
5.746 0.036898 -1.0015 6.26303 0.205505
5.759 0.118096 -0.995258 6.22509 0.714914
5.772 0.198513 -0.982425 6.14593 1.21951
5.785 0.277614 -0.963085 6.02607 1.71598
5.798 0.354877 -0.937368 5.86631 2.20108
5.811 0.42979 -0.905443 5.66769 2.67162
5.824 0.501856 -0.867521 5.43151 3.12451
5.837 0.570598 -0.823853 5.1593 3.55678
5.85 0.63556 -0.774726 4.85285 3.96559
5.863 0.69631 -0.720465 4.51415 4.34823
5.876 0.752443 -0.661429 4.14539 4.70218
5.889 0.803587 -0.598005 3.74898 5.02508
5.902 0.849399 -0.530615 3.32751 5.31478
5.915 0.889573 -0.459702 2.88373 5.56935
5.928 0.923838 -0.385735 2.42054 5.78707
5.941 0.951964 -0.309206 1.94097 5.96644
5.954 0.97376 -0.23062 1.44818 6.10625
5.967 0.989076 -0.1505 0.945411 6.20551
5.98 0.997805 -0.0693779 0.435979 6.2635
5.993 0.999886 0.0122066 -0.0767396 6.27978
6.006 0.995298 0.0937096 -0.589342 6.25418
6.019 0.984067 0.174587 -1.09841 6.1868
6.032 0.966264 0.254298 -1.60055 6.07803
6.045 0.942001 0.33231 -2.09239 5.92853
6.058 0.911436 0.408098 -2.57063 5.73922
6.071 0.874768 0.481153 -3.03203 5.51132
6.084 0.832238 0.550984 -3.47347 5.2463
6.097 0.784128 0.61712 -3.89195 4.94587
6.11 0.730754 0.679115 -4.28462 4.61202
6.123 0.672473 0.736548 -4.6488 4.24692
6.136 0.609672 0.78903 -4.98197 3.85302
6.149 0.54277 0.836205 -5.28184 3.43294
6.162 0.472215 0.877753 -5.54635 2.98948
6.175 0.398481 0.913389 -5.77365 2.52562
6.188 0.322061 0.942871 -5.96216 2.04449
6.201 0.24347 0.965997 -6.11056 1.54934
6.214 0.163238 0.982607 -6.2178 1.04353
6.227 0.0819035 0.992588 -6.28312 0.530488
6.24 1.6567e-05 0.995869 -6.30605 0.0137054
6.253 -0.0818704 0.992426 -6.28641 -0.503298
6.266 -0.163205 0.982282 -6.2243 -1.017
6.279 -0.243436 0.965504 -6.12015 -1.52389
6.292 -0.322024 0.942204 -5.97466 -2.02052
6.305 -0.398436 0.91254 -5.78881 -2.50349
6.318 -0.472158 0.876712 -5.56388 -2.96951
6.331 -0.54269 0.834964 -5.30141 -3.41542
6.344 -0.609559 0.787578 -5.0032 -3.83817
6.357 -0.672312 0.734875 -4.67131 -4.2349
6.37 -0.730529 0.677213 -4.30801 -4.60292
6.383 -0.783817 0.614982 -3.9158 -4.93974
6.396 -0.83182 0.548605 -3.49736 -5.24312
6.409 -0.874217 0.47853 -3.05557 -5.51101
6.422 -0.910724 0.405231 -2.59345 -5.74164
6.435 -0.941101 0.329205 -2.11416 -5.93349
6.448 -0.965146 0.250963 -1.62095 -6.0853
6.461 -0.982701 0.171034 -1.11718 -6.19611
6.474 -0.993654 0.0899553 -0.606271 -6.26522
6.487 -0.997936 0.00827291 -0.0916726 -6.29223
6.5 -0.995522 -0.0734651 0.423146 -6.27702
6.513 -0.986435 -0.154711 0.934725 -6.21976
6.526 -0.97074 -0.23492 1.43964 -6.1209
6.539 -0.948548 -0.313557 1.93451 -5.98116
6.552 -0.920012 -0.390097 2.41605 -5.80156
6.565 -0.885329 -0.464031 2.88107 -5.58334
6.578 -0.844734 -0.534866 3.32648 -5.32804
6.591 -0.798504 -0.602133 3.74937 -5.03739
6.604 -0.746951 -0.665386 4.14694 -4.71341
6.617 -0.690421 -0.724207 4.51661 -4.35827
6.63 -0.629296 -0.778207 4.85596 -3.97438
6.643 -0.563985 -0.82703 5.16279 -3.56432
6.656 -0.494924 -0.870355 5.43511 -3.13083
6.669 -0.422575 -0.907898 5.67117 -2.67681
6.682 -0.347421 -0.939413 5.86946 -2.20527
6.695 -0.26996 -0.964694 6.0287 -1.71933
6.708 -0.190709 -0.983576 6.14789 -1.2222
6.721 -0.110194 -0.995936 6.22628 -0.717164
6.734 -0.028948 -1.00169 6.26338 -0.207542
6.747 0.0524898 -1.00082 6.25897 0.303318
6.76 0.13358 -0.993308 6.2131 0.812063
6.773 0.213785 -0.97922 6.12609 1.31536
6.786 0.292575 -0.958648 5.99852 1.8099
6.799 0.369427 -0.931726 5.83123 2.29245
6.812 0.443832 -0.898635 5.6253 2.75985
6.825 0.515298 -0.859591 5.38209 3.20901
6.838 0.58335 -0.814854 5.10319 3.63701
6.851 0.647538 -0.764718 4.79039 4.041
6.864 0.707433 -0.709513 4.44575 4.41834
6.877 0.762639 -0.649605 4.07151 4.76651
6.89 0.812787 -0.585388 3.67009 5.08322
6.903 0.857541 -0.517287 3.24413 5.36633
6.916 0.896603 -0.445752 2.7964 5.61397
6.929 0.929708 -0.371257 2.32983 5.82444
6.942 0.956635 -0.294293 1.84749 5.99633
6.955 0.9772 -0.215373 1.35253 6.12843
6.968 0.991261 -0.135019 0.848223 6.21983
6.981 0.99872 -0.0537666 0.337899 6.26986
6.994 0.999523 0.0278445 -0.175062 6.27812
7.007 0.993659 0.10927 -0.687252 6.2445
7.02 0.981162 0.189966 -1.19526 6.16915
7.033 0.962111 0.269392 -1.69568 6.05252
7.046 0.936627 0.347018 -2.18517 5.89531
7.059 0.904876 0.422321 -2.66043 5.69851
7.072 0.867065 0.494796 -3.11824 5.46338
7.085 0.823444 0.563955 -3.55552 5.19143
7.098 0.774299 0.629332 -3.96927 4.88444
7.111 0.719956 0.690484 -4.35668 4.54442
7.124 0.660778 0.746997 -4.7151 4.17361
7.137 0.597158 0.798489 -5.04207 3.77448
7.15 0.529521 0.84461 -5.33532 3.3497
7.163 0.45832 0.885046 -5.59283 2.90209
7.176 0.384032 0.919521 -5.81282 2.43468
7.189 0.307156 0.9478 -5.99373 1.95061
7.202 0.228209 0.969688 -6.13432 1.45315
7.215 0.147723 0.985036 -6.23358 0.945689
7.228 0.0662404 0.993737 -6.29081 0.431659
7.241 -0.0156894 0.99573 -6.30558 -0.085439
7.254 -0.0975133 0.991 -6.27779 -0.602083
7.267 -0.178679 0.979578 -6.20759 -1.11475
7.28 -0.258637 0.96154 -6.09545 -1.61994
7.293 -0.336849 0.937008 -5.94214 -2.11421
7.306 -0.412785 0.906146 -5.7487 -2.59419
7.319 -0.485933 0.869164 -5.51645 -3.0566
7.332 -0.5558 0.826312 -5.24698 -3.4983
7.345 -0.621914 0.777882 -4.94216 -3.91628
7.358 -0.68383 0.7242 -4.60406 -4.30771
7.371 -0.741131 0.665631 -4.23502 -4.66994
7.384 -0.793434 0.602573 -3.83757 -5.00052
7.397 -0.840386 0.535451 -3.41444 -5.29725
7.41 -0.881675 0.464721 -2.96851 -5.55813
7.423 -0.917026 0.390861 -2.50285 -5.78144
7.436 -0.946204 0.31437 -2.02064 -5.96571
7.449 -0.969016 0.235763 -1.52514 -6.10973
7.462 -0.985314 0.155572 -1.01974 -6.21259
7.475 -0.994993 0.0743357 -0.507859 -6.27366
7.488 -0.997992 -0.00739982 0.00705063 -6.29258
7.501 -0.994296 -0.0890858 0.521516 -6.2693
7.514 -0.983937 -0.170175 1.03208 -6.20402
7.527 -0.966987 -0.250124 1.53533 -6.09726
7.54 -0.943567 -0.3284 2.0279 -5.94981
7.553 -0.913837 -0.404479 2.50652 -5.7627
7.566 -0.878002 -0.477857 2.96801 -5.53725
7.579 -0.836305 -0.548044 3.40934 -5.27503
7.592 -0.789029 -0.614576 3.82758 -4.97784
7.605 -0.736495 -0.677011 4.22 -4.64771
7.618 -0.679054 -0.734937 4.58404 -4.28687
7.631 -0.617095 -0.787972 4.91732 -3.89776
7.644 -0.55103 -0.835765 5.21769 -3.483
7.657 -0.481303 -0.878004 5.48319 -3.04535
7.67 -0.408379 -0.91441 5.71213 -2.58773
7.683 -0.332743 -0.944745 5.90302 -2.11318
7.696 -0.2549 -0.968811 6.05466 -1.62485
7.709 -0.175366 -0.986452 6.16609 -1.12595
7.722 -0.0946686 -0.997552 6.23659 -0.61978
7.735 -0.0133441 -1.00204 6.26575 -0.109661
7.748 0.0680688 -0.99989 6.25339 0.401053
7.761 0.149031 -0.991116 6.19961 0.909011
7.774 0.229006 -0.975778 6.10477 1.41088
7.787 0.307464 -0.953977 5.96952 1.90338
7.8 0.383886 -0.925858 5.79473 2.38327
7.813 0.457766 -0.891608 5.58155 2.8474
7.826 0.528614 -0.851453 5.33137 3.29274
7.839 0.59596 -0.805657 5.04582 3.71635
7.852 0.659358 -0.754523 4.72677 4.11544
7.865 0.718385 -0.698388 4.37627 4.48738
7.878 0.772649 -0.637623 3.99663 4.82969
7.891 0.821788 -0.572628 3.5903 5.14012
7.904 0.865474 -0.503834 3.15995 5.41658
7.917 0.903414 -0.431694 2.70838 5.65722
7.93 0.935352 -0.356687 2.23855 5.8604
7.943 0.961073 -0.279309 1.75354 6.02475
7.956 0.980401 -0.200073 1.25653 6.14912
7.969 0.993203 -0.119505 0.750814 6.23264
7.982 0.99939 -0.038142 0.239722 6.27468
7.995 0.998915 0.0434757 -0.273356 6.27492
8.008 0.991777 0.124803 -0.785009 6.23329
8.021 0.978017 0.205298 -1.29183 6.14999
8.034 0.957722 0.28442 -1.79041 6.02552
8.047 0.931023 0.361641 -2.27743 5.86064
8.06 0.898094 0.436441 -2.74959 5.65639
8.073 0.859149 0.508318 -3.20371 5.41407
8.086 0.814446 0.576788 -3.6367 5.13527
8.099 0.764279 0.641388 -4.04562 4.82179
8.112 0.708981 0.701682 -4.42768 4.47569
8.125 0.64892 0.757263 -4.78025 4.09926
8.138 0.584497 0.807752 -5.10093 3.695
8.151 0.516141 0.852807 -5.38748 3.26562
8.164 0.44431 0.892121 -5.63794 2.81398
8.177 0.369487 0.925425 -5.85055 2.34313
8.19 0.292174 0.952493 -6.02383 1.85623
8.203 0.212891 0.973139 -6.15656 1.3566
8.216 0.132172 0.98722 -6.24782 0.847608
8.229 0.0505608 0.994639 -6.29694 0.332718
8.242 -0.0313915 0.995344 -6.30356 -0.184567
8.255 -0.113132 0.989328 -6.26761 -0.700721
8.268 -0.194108 0.976632 -6.18933 -1.21222
8.281 -0.273774 0.957339 -6.06924 -1.71559
8.294 -0.35159 0.931579 -5.90815 -2.20738
8.307 -0.427031 0.899527 -5.70716 -2.68424
8.32 -0.499588 0.8614 -5.46765 -3.14292
8.333 -0.568772 0.817456 -5.19126 -3.5803
8.346 -0.634115 0.767993 -4.87989 -3.99341
8.359 -0.695178 0.713345 -4.53568 -4.37945
8.372 -0.751551 0.653885 -4.16099 -4.73579
8.385 -0.802854 0.590014 -3.7584 -5.06006
8.398 -0.848745 0.522165 -3.33067 -5.35006
8.411 -0.888916 0.450798 -2.88073 -5.60387
8.424 -0.923101 0.376394 -2.41165 -5.81981
8.437 -0.951073 0.299457 -1.92663 -5.99645
8.45 -0.972647 0.220506 -1.42898 -6.13265
8.463 -0.987684 0.140072 -0.922068 -6.22755
8.476 -0.996086 0.0586978 -0.409335 -6.28056
8.489 -0.997802 -0.0230707 0.105757 -6.29139
8.502 -0.992826 -0.104685 0.619742 -6.26003
8.515 -0.981197 -0.185597 1.12917 -6.18676
8.528 -0.962997 -0.265267 1.63063 -6.07214
8.541 -0.938354 -0.343161 2.12078 -5.91699
8.554 -0.907437 -0.418762 2.59636 -5.72243
8.567 -0.870459 -0.491566 3.05422 -5.48981
8.58 -0.82767 -0.561088 3.49134 -5.22074
8.593 -0.779362 -0.626868 3.90484 -4.91707
8.606 -0.725859 -0.68847 4.29202 -4.58088
8.619 -0.667522 -0.745488 4.65035 -4.21443
8.632 -0.604742 -0.797545 4.97748 -3.8202
8.645 -0.537941 -0.844297 5.27131 -3.40083
8.658 -0.467565 -0.885439 5.52993 -2.95913
8.671 -0.394083 -0.920699 5.75168 -2.49803
8.684 -0.317985 -0.949847 5.93515 -2.0206
8.697 -0.239777 -0.972693 6.07915 -1.52999
8.71 -0.159979 -0.989088 6.18278 -1.02944
8.723 -0.0791202 -0.998926 6.24539 -0.522251
8.736 0.00226302 -1.00214 6.2666 -0.0117585
8.749 0.0836313 -0.998721 6.24628 0.498687
8.762 0.164446 -0.988683 6.1846 1.00574
8.775 0.244171 -0.972097 6.08197 1.50606
8.788 0.322279 -0.949074 5.93906 1.99639
8.801 0.398253 -0.919765 5.75682 2.4735
8.814 0.471589 -0.884365 5.53644 2.93427
8.827 0.541802 -0.843107 5.27935 3.37567
8.84 0.608425 -0.796264 4.98723 3.79479
8.853 0.671017 -0.744145 4.66198 4.18888
8.866 0.729161 -0.687093 4.30572 4.55533
8.879 0.782471 -0.625486 3.92077 4.8917
8.892 0.830589 -0.559729 3.50963 5.19578
8.905 0.873196 -0.490258 3.07499 5.46551
8.918 0.910004 -0.417531 2.61969 5.69909
8.931 0.940767 -0.342031 2.14671 5.89494
8.944 0.965275 -0.264256 1.65915 6.05171
8.957 0.983362 -0.184724 1.16022 6.16831
8.97 0.994903 -0.103962 0.653208 6.24392
8.983 0.999815 -0.0225081 0.141472 6.27797
8.996 0.998063 0.0590962 -0.371598 6.27019
9.009 0.989651 0.140306 -0.882588 6.22054
9.022 0.974631 0.220579 -1.38809 6.12931
9.035 0.953098 0.299378 -1.88472 5.99703
9.048 0.925191 0.376175 -2.36914 5.82452
9.061 0.891091 0.450453 -2.83809 5.61287
9.074 0.851022 0.521714 -3.28839 5.36343
9.087 0.805248 0.589478 -3.71699 5.07783
9.1 0.754071 0.653286 -4.12098 4.75794
9.113 0.697831 0.712708 -4.49759 4.40584
9.126 0.636902 0.767341 -4.84424 4.02388
9.139 0.571691 0.816815 -5.15854 3.6146
9.152 0.502633 0.860792 -5.43832 3.18072
9.165 0.430191 0.898974 -5.68165 2.72516
9.178 0.354852 0.931101 -5.88683 2.25098
9.191 0.277121 0.956951 -6.05243 1.76139
9.204 0.19752 0.976349 -6.17729 1.2597
9.217 0.116588 0.989159 -6.26051 0.749309
9.23 0.0348688 0.995295 -6.3015 0.233688
9.243 -0.0470858 0.994711 -6.29996 -0.283653
9.256 -0.128722 0.987411 -6.25588 -0.799188
9.269 -0.20949 0.973443 -6.16954 -1.3094
9.282 -0.288842 0.952899 -6.04152 -1.81081
9.295 -0.366244 0.925919 -5.87269 -2.3
9.308 -0.441171 0.892686 -5.66421 -2.77362
9.321 -0.513119 0.853423 -5.4175 -3.22846
9.334 -0.581602 0.808397 -5.13425 -3.66142
9.347 -0.646159 0.757913 -4.81641 -4.06955
9.36 -0.706354 0.702314 -4.46618 -4.45009
9.373 -0.761784 0.641976 -4.08594 -4.80048
9.386 -0.812076 0.577309 -3.67831 -5.11834
9.399 -0.856893 0.50875 -3.2461 -5.40155
9.412 -0.895937 0.436763 -2.79224 -5.64822
9.425 -0.928948 0.361834 -2.31986 -5.85673
9.438 -0.955707 0.284471 -1.83216 -6.0257
9.451 -0.976038 0.205194 -1.33247 -6.15405
9.464 -0.989809 0.124538 -0.824178 -6.24096
9.477 -0.996933 0.0430454 -0.310725 -6.2859
9.49 -0.997367 -0.0387359 0.204423 -6.28864
9.503 -0.991112 -0.120258 0.717801 -6.24922
9.516 -0.978216 -0.200974 1.22596 -6.16798
9.529 -0.95877 -0.280344 1.72551 -6.04552
9.542 -0.932911 -0.357839 2.21312 -5.88273
9.555 -0.900815 -0.432942 2.68554 -5.68076
9.568 -0.862703 -0.505154 3.13966 -5.44102
9.581 -0.818833 -0.573994 3.57248 -5.16518
9.594 -0.769503 -0.639007 3.98114 -4.85511
9.607 -0.715045 -0.699761 4.36298 -4.51294
9.62 -0.655826 -0.755857 4.7155 -4.14097
9.633 -0.592242 -0.806922 5.03642 -3.74172
9.646 -0.524721 -0.852623 5.32364 -3.31785
9.659 -0.453713 -0.892657 5.57532 -2.8722
9.672 -0.379691 -0.926763 5.78984 -2.40773
9.685 -0.303149 -0.954717 5.96582 -1.92752
9.698 -0.224596 -0.976337 6.10215 -1.43476
9.711 -0.144554 -0.991483 6.19797 -0.93268
9.724 -0.0635526 -1.00006 6.25267 -0.424601
9.737 0.0178696 -1.002 6.26592 0.0861423
9.75 0.0991734 -0.997309 6.23766 0.596196
9.763 0.17982 -0.98601 6.16809 1.10221
9.776 0.259276 -0.968181 6.05768 1.60088
9.789 0.337015 -0.94394 5.90716 2.08892
9.802 0.412522 -0.913448 5.71751 2.56314
9.815 0.485297 -0.876906 5.48998 3.02043
9.828 0.554858 -0.834556 5.22604 3.45778
9.841 0.620742 -0.786677 4.92742 3.87231
9.854 0.682513 -0.733585 4.59606 4.2613
9.867 0.73976 -0.675631 4.23412 4.62217
9.88 0.792102 -0.613196 3.84395 4.95253
9.893 0.839188 -0.546693 3.4281 5.25017
9.906 0.880705 -0.476562 2.98927 5.51311
9.919 0.916373 -0.403266 2.53035 5.73958
9.932 0.945952 -0.327291 2.05433 5.92804
9.945 0.969242 -0.249139 1.56434 6.07719
9.958 0.986083 -0.16933 1.0636 6.18599
9.971 0.996359 -0.0883939 0.555428 6.25368
9.984 0.999996 -0.00686869 0.0431727 6.27973
9.997 0.996966 0.0747022 -0.469763 6.26391
10.01 0.987282 0.155775 -0.979966 6.20627
10.023 0.971006 0.235807 -1.48403 6.10713
10.036 0.94824 0.314262 -1.97858 5.96706
10.049 0.919131 0.390616 -2.46028 5.78696
10.062 0.883869 0.464355 -2.9259 5.56796
10.075 0.842685 0.534982 -3.37228 5.31146
10.088 0.795851 0.602023 -3.79639 5.01914
10.101 0.743677 0.665023 -4.19534 4.6929
10.114 0.686508 0.723558 -4.5664 4.3349
10.127 0.624727 0.77723 -4.90703 3.9475
10.14 0.558744 0.825676 -5.21488 3.53329
10.153 0.489001 0.868565 -5.48782 3.09503
10.166 0.415966 0.905606 -5.72397 2.63566
10.179 0.340128 0.936545 -5.92167 2.15828
10.192 0.261998 0.961172 -6.07954 1.66611
10.205 0.182101 0.979316 -6.19648 1.16248
10.218 0.100975 0.990854 -6.27165 0.650819
10.231 0.0191681 0.995704 -6.30451 0.134595
10.244 -0.0627685 0.993832 -6.29481 -0.382673
10.257 -0.144281 0.985249 -6.2426 -0.89746
10.27 -0.224819 0.970012 -6.14822 -1.40626
10.283 -0.303839 0.948224 -6.0123 -1.90559
10.296 -0.380807 0.92003 -5.83578 -2.39205
10.309 -0.455202 0.885622 -5.61985 -2.86232
10.322 -0.526523 0.845233 -5.366 -3.3132
10.335 -0.594289 0.799137 -5.07597 -3.74162
10.348 -0.658042 0.747646 -4.75175 -4.14468
10.361 -0.717355 0.691109 -4.39557 -4.51963
10.374 -0.771828 0.629909 -4.00988 -4.86396
10.387 -0.821096 0.564461 -3.59732 -5.17534
10.4 -0.864829 0.495208 -3.16072 -5.45169
10.413 -0.902736 0.422619 -2.70308 -5.69117
10.426 -0.934565 0.347185 -2.2275 -5.8922
10.439 -0.960105 0.269414 -1.73725 -6.05347
10.452 -0.979188 0.189831 -1.23565 -6.17393
10.465 -0.991691 0.108973 -0.726099 -6.25283
10.478 -0.997535 0.0273825 -0.212053 -6.2897
10.491 -0.996686 -0.0543916 0.303024 -6.28435
10.504 -0.989153 -0.135801 0.815668 -6.23688
10.517 -0.974994 -0.216301 1.32244 -6.14768
10.53 -0.954308 -0.295353 1.81996 -6.01742
10.543 -0.927239 -0.372429 2.3049 -5.84703
10.556 -0.893972 -0.447016 2.77406 -5.6377
10.569 -0.854735 -0.518618 3.22432 -5.39092
10.582 -0.809795 -0.58676 3.65272 -5.10836
10.595 -0.759456 -0.650989 4.05645 -4.79198
10.608 -0.704056 -0.710881 4.43286 -4.44391
10.621 -0.643969 -0.766041 4.7795 -4.06651
10.634 -0.579598 -0.816103 5.09411 -3.66233
10.647 -0.511373 -0.86074 5.37466 -3.23406
10.66 -0.43975 -0.899658 5.61934 -2.78457
10.673 -0.365207 -0.932601 5.82657 -2.31685
10.686 -0.28824 -0.959355 5.99504 -1.83399
10.699 -0.20936 -0.979744 6.12367 -1.33919
10.712 -0.129093 -0.993637 6.21164 -0.835702
10.725 -0.0479695 -1.00094 6.25842 -0.326853
10.738 0.0334718 -1.00162 6.26372 0.184018
10.751 0.114691 -0.995654 6.22752 0.693556
10.764 0.195151 -0.983097 6.15008 1.19842
10.777 0.274319 -0.964029 6.03192 1.6953
10.79 0.351669 -0.938577 5.87382 2.18094
10.803 0.426691 -0.906909 5.67681 2.65216
10.816 0.498887 -0.869234 5.44218 3.10585
10.829 0.567778 -0.825802 5.17146 3.53905
10.842 0.632908 -0.776899 4.86641 3.9489
10.855 0.693843 -0.722847 4.52902 4.33269
10.868 0.750179 -0.664004 4.16148 4.6879
10.881 0.80154 -0.600757 3.76619 5.01215
10.894 0.847582 -0.533524 3.34572 5.3033
10.907 0.887999 -0.46275 2.90281 5.55938
10.92 0.922518 -0.388902 2.44038 5.77867
10.933 0.950906 -0.312471 1.96144 5.95969
10.946 0.972972 -0.233961 1.46914 6.10118
10.959 0.988563 -0.153895 0.966718 6.20216
10.972 0.997571 -0.0728037 0.457499 6.2619
10.985 0.999932 0.00877241 -0.0551516 6.27994
10.998 0.995624 0.0902899 -0.567829 6.25611
11.011 0.984672 0.171205 -1.07712 6.19048
11.024 0.967143 0.250976 -1.57962 6.08344
11.037 0.943149 0.32907 -2.07196 5.93563
11.05 0.912845 0.404961 -2.55083 5.74798
11.063 0.876429 0.478142 -3.01301 5.52167
11.076 0.83414 0.548118 -3.45535 5.25818
11.089 0.786258 0.614419 -3.87486 4.9592
11.102 0.733099 0.676596 -4.26867 4.62671
11.115 0.675017 0.734229 -4.63409 4.26288
11.128 0.612397 0.786927 -4.96862 3.87014
11.141 0.545659 0.834332 -5.26994 3.4511
11.154 0.475249 0.876123 -5.53597 3.00856
11.167 0.401638 0.912013 -5.76487 2.54549
11.18 0.325321 0.941758 -5.95504 2.06503
11.193 0.246811 0.965155 -6.10514 1.5704
11.206 0.166636 0.982042 -6.21413 1.06497
11.219 0.0853374 0.992303 -6.28123 0.55216
11.232 0.0034626 0.995866 -6.30595 0.0354639
11.245 -0.0784356 0.992706 -6.28809 -0.481602
11.258 -0.159804 0.982843 -6.22777 -0.995512
11.271 -0.240093 0.966341 -6.12537 -1.50276
11.284 -0.318761 0.943313 -5.9816 -1.99989
11.297 -0.395275 0.913912 -5.79742 -2.4835
11.31 -0.46912 0.878339 -5.5741 -2.9503
11.323 -0.539796 0.836835 -5.31318 -3.39711
11.336 -0.606828 0.789679 -5.01643 -3.8209
11.349 -0.669763 0.737193 -4.68591 -4.21877
11.362 -0.728178 0.679732 -4.32388 -4.58805
11.375 -0.781681 0.617685 -3.93283 -4.92624
11.388 -0.829913 0.551473 -3.51544 -5.23106
11.401 -0.872552 0.481545 -3.07458 -5.50048
11.414 -0.909312 0.408372 -2.61325 -5.73271
11.427 -0.939951 0.33245 -2.13461 -5.92621
11.44 -0.964265 0.254291 -1.64192 -6.07973
11.453 -0.982096 0.174422 -1.13853 -6.19228
11.466 -0.993329 0.0933807 -0.627855 -6.26316
11.479 -0.997891 0.0117127 -0.113343 -6.29194
11.492 -0.995759 -0.0700339 0.401536 -6.27851
11.505 -0.986951 -0.151311 0.913319 -6.22301
11.518 -0.971533 -0.231575 1.41858 -6.12588
11.531 -0.949611 -0.310289 1.91394 -5.98785
11.544 -0.921339 -0.386927 2.39611 -5.80989
11.557 -0.88691 -0.46098 2.86188 -5.59327
11.57 -0.846559 -0.531956 3.30818 -5.33949
11.583 -0.800559 -0.599382 3.73207 -5.0503
11.596 -0.749223 -0.662812 4.13076 -4.72767
11.609 -0.692896 -0.721827 4.50165 -4.3738
11.622 -0.631956 -0.776037 4.84232 -3.99107
11.635 -0.566812 -0.825085 5.15056 -3.58206
11.648 -0.4979 -0.868648 5.42437 -3.1495
11.661 -0.42568 -0.906439 5.66199 -2.69628
11.674 -0.350633 -0.938212 5.86189 -2.22541
11.687 -0.27326 -0.963759 6.0228 -1.74002
11.7 -0.194074 -0.982912 6.14369 -1.2433
11.713 -0.113601 -0.995549 6.22381 -0.738527
11.726 -0.0323747 -1.00159 6.26265 -0.229031
11.739 0.0490659 -1.00099 6.25999 0.281844
11.752 0.130181 -0.993757 6.21586 0.790745
11.765 0.210435 -0.979945 6.13058 1.29434
11.778 0.289294 -0.959643 6.0047 1.78931
11.791 0.366238 -0.932985 5.83905 2.27243
11.804 0.440757 -0.900149 5.63473 2.74053
11.817 0.512356 -0.861351 5.39306 3.19052
11.83 0.580561 -0.816847 5.11562 3.61947
11.843 0.64492 -0.766932 4.80421 4.02453
11.856 0.705004 -0.711933 4.46087 4.40304
11.869 0.760415 -0.652215 4.08782 4.75249
11.882 0.810782 -0.588171 3.6875 5.07056
11.895 0.85577 -0.520225 3.26251 5.35513
11.908 0.895077 -0.448825 2.81564 5.60429
11.921 0.928438 -0.374444 2.3498 5.81636
11.934 0.955629 -0.297574 1.86805 5.9899
11.947 0.976464 -0.218726 1.37356 6.1237
11.96 0.990801 -0.138422 0.869582 6.21682
11.973 0.998539 -0.0571957 0.359443 6.2686
11.986 0.999623 0.0244114 -0.153477 6.27862
11.999 0.994039 0.105856 -0.66577 6.24676
12.012 0.98182 0.186593 -1.17402 6.17316
12.025 0.963042 0.266084 -1.67484 6.05825
12.038 0.937826 0.343796 -2.16485 5.90273
12.051 0.906334 0.419207 -2.64077 5.70757
12.064 0.868774 0.491812 -3.09939 5.47402
12.077 0.825391 0.56112 -3.53758 5.20359
12.09 0.776472 0.626664 -3.95238 4.89803
12.103 0.722341 0.688002 -4.34096 4.55936
12.116 0.663358 0.744719 -4.70065 4.1898
12.129 0.599916 0.79643 -5.02899 3.79181
12.142 0.532439 0.842783 -5.3237 3.36804
12.155 0.461378 0.883464 -5.58275 2.92134
12.168 0.38721 0.918194 -5.80435 2.45469
12.181 0.310433 0.946738 -5.98694 1.97126
12.194 0.231562 0.968898 -6.12924 1.4743
12.207 0.15113 0.984523 -6.23025 0.967184
12.22 0.0696784 0.993505 -6.28926 0.45336
12.233 -0.0122437 0.995781 -6.30582 -0.0636809
12.246 -0.0940832 0.991334 -6.27981 -0.580415
12.259 -0.175287 0.980192 -6.21139 -1.09332
12.272 -0.255307 0.96243 -6.101 -1.5989
12.285 -0.333603 0.938168 -5.9494 -2.09369
12.298 -0.409646 0.907568 -5.75762 -2.57434
12.311 -0.482921 0.870839 -5.52697 -3.03755
12.324 -0.552935 0.828228 -5.25904 -3.48018
12.337 -0.619216 0.780026 -4.95566 -3.89922
12.35 -0.681318 0.726558 -4.61892 -4.29182
12.363 -0.738821 0.668187 -4.25113 -4.65532
12.376 -0.791341 0.605309 -3.85482 -4.98729
12.389 -0.838525 0.538349 -3.43271 -5.28548
12.402 -0.880058 0.467762 -2.98768 -5.5479
12.415 -0.915663 0.394023 -2.52279 -5.77282
12.428 -0.945105 0.317632 -2.0412 -5.95876
12.441 -0.968188 0.239104 -1.5462 -6.10449
12.454 -0.984762 0.158969 -1.04115 -6.2091
12.467 -0.994721 0.0777657 -0.52947 -6.27194
12.48 -0.998001 -0.00395986 -0.0146195 -6.29263
12.493 -0.994587 -0.0856589 0.499933 -6.27112
12.506 -0.984507 -0.166784 1.01073 -6.2076
12.519 -0.967832 -0.246792 1.51435 -6.10257
12.532 -0.944681 -0.325148 2.00744 -5.95681
12.545 -0.915213 -0.401331 2.48671 -5.77134
12.558 -0.87963 -0.474832 2.94899 -5.54748
12.571 -0.838174 -0.545163 3.39121 -5.28677
12.584 -0.791127 -0.611857 3.81049 -4.99101
12.597 -0.738807 -0.674473 4.20405 -4.66222
12.61 -0.681566 -0.732597 4.56933 -4.30263
12.623 -0.619788 -0.785844 4.90395 -3.91466
12.636 -0.553887 -0.833865 5.20574 -3.50092
12.649 -0.484305 -0.876343 5.47274 -3.06418
12.662 -0.411506 -0.913 5.70325 -2.60734
12.675 -0.335974 -0.943595 5.89577 -2.13345
12.688 -0.258213 -0.967928 6.04908 -1.64563
12.701 -0.17874 -0.985841 6.16222 -1.14711
12.714 -0.0980809 -0.997218 6.23446 -0.641178
12.727 -0.016772 -1.00199 6.26536 -0.131158
12.74 0.064648 -1.00011 6.25474 0.379598
12.753 0.14564 -0.991618 6.2027 0.88774
12.766 0.225667 -0.976554 6.10958 1.38993
12.779 0.3042 -0.955023 5.97601 1.88289
12.792 0.380718 -0.927167 5.80286 2.36337
12.805 0.454715 -0.89317 5.59127 2.82824
12.818 0.5257 -0.853258 5.34262 3.27442
12.831 0.593202 -0.807694 5.05853 3.699
12.844 0.656775 -0.756778 4.74084 4.09918
12.857 0.715994 -0.700846 4.39163 4.47231
12.87 0.770466 -0.640268 4.01316 4.81592
12.883 0.819828 -0.575443 3.6079 5.12773
12.896 0.863749 -0.506799 3.17851 5.40566
12.909 0.901936 -0.434791 2.72777 5.64784
12.922 0.934131 -0.359894 2.25864 5.85263
12.935 0.960117 -0.282605 1.7742 6.01864
12.948 0.979717 -0.203437 1.27764 6.14471
12.961 0.992796 -0.122915 0.77222 6.22996
12.974 0.999263 -0.0415737 0.261285 6.27376
12.987 0.999069 0.0400443 -0.25178 6.27576
13 0.99221 0.121395 -0.763563 6.23589
13.013 0.978727 0.201936 -1.27065 6.15433
13.026 0.958705 0.281127 -1.76966 6.03158
13.039 0.932272 0.358438 -2.25722 5.86838
13.052 0.899601 0.43335 -2.73008 5.66576
13.065 0.860904 0.50536 -3.18501 5.42502
13.078 0.816437 0.573983 -3.61896 5.14771
13.091 0.766494 0.638755 -4.02895 4.83565
13.104 0.711404 0.699239 -4.41219 4.49087
13.117 0.651536 0.755025 -4.76606 4.11567
13.13 0.587287 0.805736 -5.08812 3.71253
13.143 0.519088 0.851025 -5.37615 3.28414
13.156 0.447394 0.890586 -5.62816 2.83338
13.169 0.372686 0.924149 -5.84239 2.36327
13.182 0.295468 0.951483 -6.01735 1.87699
13.195 0.216257 0.972402 -6.15182 1.37782
13.208 0.135587 0.986761 -6.24483 0.869153
13.221 0.0540022 0.994462 -6.29573 0.35444
13.234 -0.027947 0.99545 -6.30414 -0.162815
13.247 -0.109707 0.989716 -6.26998 -0.679087
13.26 -0.190727 0.977299 -6.19347 -1.19086
13.273 -0.270458 0.958281 -6.07512 -1.69463
13.286 -0.348363 0.93279 -5.91573 -2.18698
13.299 -0.423914 0.900999 -5.7164 -2.66453
13.312 -0.496603 0.863122 -5.47847 -3.12404
13.325 -0.565938 0.819417 -5.2036 -3.56238
13.338 -0.631452 0.770179 -4.89366 -3.97657
13.351 -0.692703 0.715742 -4.55078 -4.36379
13.364 -0.749281 0.656476 -4.17733 -4.72144
13.377 -0.800804 0.592782 -3.77586 -5.0471
13.39 -0.846929 0.525092 -3.34913 -5.33858
13.403 -0.887347 0.453863 -2.90006 -5.59395
13.416 -0.921788 0.379577 -2.43172 -5.8115
13.429 -0.950025 0.302736 -1.9473 -5.98982
13.442 -0.971872 0.223859 -1.45011 -6.12774
13.455 -0.987185 0.143477 -0.943526 -6.22439
13.468 -0.995868 0.0621315 -0.430969 -6.27917
13.481 -0.997866 -0.0196315 0.0840928 -6.29178
13.494 -0.993171 -0.101263 0.598193 -6.26219
13.507 -0.98182 -0.182216 1.10788 -6.19067
13.52 -0.963894 -0.261948 1.60974 -6.07777
13.533 -0.939519 -0.339928 2.10043 -5.92431
13.546 -0.908862 -0.415636 2.57669 -5.73138
13.559 -0.872134 -0.488566 3.03535 -5.50033
13.572 -0.829585 -0.558236 3.47341 -5.23276
13.585 -0.781502 -0.624183 3.88796 -4.93051
13.598 -0.72821 -0.685969 4.2763 -4.59564
13.611 -0.670069 -0.743187 4.63588 -4.23042
13.624 -0.607468 -0.79546 4.96437 -3.83731
13.637 -0.540828 -0.842442 5.25964 -3.41894
13.65 -0.470593 -0.883825 5.51978 -2.97812
13.663 -0.397232 -0.919337 5.74311 -2.51778
13.676 -0.321234 -0.948747 5.92821 -2.04097
13.689 -0.243104 -0.971861 6.07389 -1.55085
13.702 -0.163362 -0.98853 6.17924 -1.05065
13.715 -0.0825373 -0.998645 6.24359 -0.543679
13.728 -0.00116533 -1.00214 6.26654 -0.0332581
13.741 0.0802144 -0.998999 6.24797 0.477256
13.754 0.161063 -0.989239 6.18802 0.984515
13.767 0.240844 -0.972926 6.0871 1.48519
13.78 0.319031 -0.950171 5.94587 1.97601
13.793 0.395105 -0.921123 5.76526 2.45374
13.806 0.468562 -0.885974 5.54646 2.91526
13.819 0.538916 -0.844958 5.29089 3.35753
13.832 0.6057 -0.798344 5.00021 3.77765
13.845 0.66847 -0.74644 4.67631 4.17284
13.858 0.726809 -0.689588 4.32131 4.5405
13.871 0.780329 -0.628164 3.93751 4.87819
13.884 0.828673 -0.562574 3.52742 5.18367
13.897 0.871517 -0.493249 3.09371 5.45488
13.91 0.908575 -0.42065 2.63922 5.69002
13.923 0.939596 -0.345256 2.16692 5.88748
13.936 0.964371 -0.267567 1.67991 6.04592
13.949 0.982731 -0.188099 1.18139 6.16423
13.962 0.994549 -0.107378 0.674655 6.24158
13.975 0.999742 -0.0259415 0.163048 6.27739
13.988 0.99827 0.0556675 -0.350035 6.27137
14.001 0.990137 0.136905 -0.861183 6.22348
14.014 0.975394 0.217228 -1.36699 6.13399
14.027 0.954132 0.2961 -1.86406 6.00342
14.04 0.92649 0.372991 -2.34906 5.83258
14.053 0.892646 0.447386 -2.81872 5.62254
14.066 0.852823 0.518784 -3.26987 5.37467
14.079 0.807283 0.586704 -3.69945 5.09056
14.092 0.756327 0.650688 -4.10453 4.77206
14.105 0.700292 0.710303 -4.48234 4.42127
14.118 0.639553 0.765145 -4.8303 4.04052
14.131 0.574513 0.814842 -5.146 3.63233
14.144 0.505608 0.859057 -5.42728 3.19942
14.157 0.433299 0.897489 -5.67218 2.74472
14.17 0.358071 0.929874 -5.879 2.27126
14.183 0.280429 0.955993 -6.04629 1.78225
14.196 0.200897 0.975664 -6.17287 1.281
14.209 0.12001 0.988754 -6.25786 0.7709
14.222 0.0383125 0.995172 -6.30064 0.255428
14.235 -0.0436434 0.994871 -6.30089 -0.261912
14.248 -0.125305 0.987853 -6.25859 -0.777594
14.261 -0.206119 0.974163 -6.17402 -1.2881
14.274 -0.285542 0.953893 -6.04773 -1.78995
14.287 -0.363036 0.927181 -5.8806 -2.27972
14.3 -0.438078 0.894206 -5.67375 -2.75407
14.313 -0.510161 0.855191 -5.42862 -3.20976
14.326 -0.5788 0.810402 -5.14687 -3.64369
14.339 -0.64353 0.760141 -4.83045 -4.05293
14.352 -0.703917 0.70475 -4.48152 -4.43468
14.365 -0.759555 0.644603 -4.1025 -4.78638
14.378 -0.81007 0.580109 -3.69597 -5.10565
14.391 -0.855124 0.511705 -3.26473 -5.39036
14.404 -0.894416 0.439852 -2.81172 -5.63861
14.417 -0.927685 0.365037 -2.34005 -5.84875
14.43 -0.954711 0.287766 -1.85293 -6.0194
14.443 -0.975315 0.208559 -1.35368 -6.14948
14.456 -0.989365 0.12795 -0.845681 -6.23814
14.469 -0.996769 0.046482 -0.332376 -6.28485
14.482 -0.997484 -0.0352983 0.18277 -6.28937
14.495 -0.99151 -0.116842 0.69629 -6.25172
14.508 -0.978892 -0.197603 1.20474 -6.17222
14.521 -0.959719 -0.27704 1.70472 -6.05148
14.534 -0.934126 -0.354625 2.19289 -5.89037
14.547 -0.902289 -0.429838 2.66602 -5.69002
14.56 -0.864425 -0.502181 3.12097 -5.45184
14.573 -0.820792 -0.571173 3.55473 -5.17748
14.586 -0.771685 -0.636355 3.96447 -4.86881
14.599 -0.717435 -0.697297 4.34749 -4.52795
14.612 -0.658408 -0.753596 4.70129 -4.15718
14.625 -0.595001 -0.80488 5.02358 -3.75902
14.638 -0.527636 -0.850813 5.31226 -3.33614
14.651 -0.456765 -0.891091 5.56546 -2.89134
14.664 -0.382861 -0.925451 5.78158 -2.42761
14.677 -0.306415 -0.953668 5.95921 -1.948
14.69 -0.227936 -0.975558 6.09722 -1.4557
14.703 -0.147945 -0.990978 6.19476 -0.953947
14.716 -0.0669736 -0.999829 6.2512 -0.446053
14.729 0.0144417 -1.00205 6.2662 0.0646451
14.742 0.0957613 -0.99764 6.23968 0.574795
14.755 0.176447 -0.986618 6.17184 1.08105
14.768 0.255963 -0.969062 6.06314 1.58009
14.781 0.333785 -0.945087 5.91429 2.06864
14.794 0.409396 -0.914855 5.72626 2.54351
14.807 0.482296 -0.878563 5.5003 3.00157
14.82 0.552001 -0.836452 5.23786 3.43982
14.833 0.618049 -0.788799 4.94066 3.85537
14.846 0.680002 -0.73592 4.61064 4.24549
14.859 0.737447 -0.678162 4.24994 4.60759
14.872 0.790002 -0.615908 3.8609 4.93928
14.885 0.837316 -0.549567 3.44607 5.23834
14.898 0.879073 -0.47958 3.00816 5.50278
14.911 0.914993 -0.406407 2.55002 5.73081
14.924 0.944832 -0.330534 2.07466 5.9209
14.937 0.96839 -0.252464 1.58519 6.07172
14.95 0.985505 -0.172714 1.08484 6.18224
14.963 0.996059 -0.0918143 0.576911 6.25167
14.976 0.999976 -0.0103029 0.0647575 6.27948
14.989 0.997226 0.0712771 -0.44822 6.26543
15.002 0.987822 0.152381 -0.958607 6.20954
15.015 0.971821 0.232468 -1.463 6.11213
15.028 0.949325 0.311001 -1.95801 5.97378
15.041 0.920479 0.387454 -2.44033 5.79533
15.054 0.885472 0.461312 -2.90669 5.57794
15.067 0.844532 0.532081 -3.35394 5.32299
15.08 0.79793 0.599281 -3.77904 5.03214
15.093 0.745973 0.66246 -4.17911 4.70728
15.106 0.689007 0.721191 -4.55139 4.35057
15.119 0.627411 0.775076 -4.89335 3.96436
15.132 0.561597 0.823748 -5.20262 3.55121
15.145 0.492003 0.866877 -5.47708 3.1139
15.158 0.419096 0.904169 -5.7148 2.65536
15.171 0.343366 0.93537 -5.91415 2.17867
15.184 0.265322 0.960266 -6.07372 1.68706
15.197 0.185488 0.978685 -6.1924 1.18385
15.21 0.104403 0.990503 -6.26934 0.67245
15.223 0.0226134 0.995635 -6.30398 0.156347
15.236 -0.0593289 0.994046 -6.29607 -0.360949
15.249 -0.140871 0.985744 -6.24565 -0.875911
15.262 -0.221461 0.970785 -6.15303 -1.38503
15.275 -0.300555 0.94927 -6.01884 -1.88483
15.288 -0.377619 0.921342 -5.844 -2.3719
15.301 -0.452133 0.887191 -5.62971 -2.84291
15.314 -0.523593 0.847048 -5.37742 -3.29467
15.327 -0.591518 0.801186 -5.08887 -3.7241
15.34 -0.655449 0.749915 -4.76604 -4.12828
15.353 -0.714957 0.693582 -4.41116 -4.50447
15.366 -0.769641 0.63257 -4.02666 -4.85013
15.379 -0.819135 0.567293 -3.61517 -5.16294
15.392 -0.863107 0.498191 -3.17953 -5.4408
15.405 -0.901264 0.425732 -2.7227 -5.68186
15.418 -0.933353 0.350407 -2.24782 -5.88454
15.431 -0.959161 0.272724 -1.75812 -6.0475
15.444 -0.978518 0.193207 -1.25692 -6.16969
15.457 -0.9913 0.112391 -0.747642 -6.25035
15.47 -0.997425 0.030821 -0.233716 -6.28899
15.483 -0.996857 -0.0509563 0.281387 -6.28542
15.496 -0.989605 -0.132392 0.794201 -6.23972
15.509 -0.975723 -0.212941 1.30129 -6.15226
15.522 -0.955309 -0.292064 1.79926 -6.02371
15.535 -0.928504 -0.369234 2.2848 -5.85498
15.548 -0.895494 -0.443936 2.75468 -5.64727
15.561 -0.856504 -0.515673 3.2058 -5.40202
15.574 -0.811798 -0.58397 3.63518 -5.12094
15.587 -0.761679 -0.648372 4.04 -4.80593
15.6 -0.706485 -0.708455 4.41761 -4.45915
15.613 -0.646587 -0.763821 4.76554 -4.08294
15.626 -0.582388 -0.814105 5.08155 -3.67983
15.639 -0.514316 -0.858976 5.36357 -3.25253
15.652 -0.442826 -0.89814 5.60979 -2.80387
15.665 -0.368396 -0.931339 5.81863 -2.33685
15.678 -0.291521 -0.958357 5.98875 -1.85457
15.691 -0.212712 -0.979017 6.11907 -1.3602
15.704 -0.132492 -0.993185 6.20877 -0.857015
15.717 -0.0513936 -1.00077 6.25728 -0.348325
15.73 0.0300452 -1.00172 6.26433 0.162528
15.743 0.111285 -0.996039 6.22987 0.67219
15.756 0.191787 -0.983758 6.15416 1.17732
15.769 0.27102 -0.964961 6.0377 1.6746
15.782 0.348458 -0.939774 5.88126 2.16078
15.795 0.423587 -0.908364 5.68587 2.63266
15.808 0.495912 -0.870938 5.45279 3.08716
15.821 0.564952 -0.827742 5.18356 3.52128
15.834 0.630248 -0.779063 4.87991 3.93216
15.847 0.691369 -0.725221 4.54384 4.31711
15.86 0.747906 -0.666571 4.17752 4.67356
15.873 0.799483 -0.603501 3.78334 4.99917
15.886 0.845756 -0.536427 3.36388 5.29174
15.899 0.886415 -0.465793 2.92186 5.54934
15.912 0.921187 -0.392065 2.46019 5.77022
15.925 0.949837 -0.315732 1.98188 5.95287
15.938 0.972172 -0.237299 1.49007 6.09605
15.951 0.988038 -0.157287 0.988014 6.19875
15.964 0.997325 -0.0762286 0.479012 6.26023
15.977 0.999966 0.00533812 -0.0335635 6.28004
15.99 0.995939 0.0868692 -0.546309 6.25796
16.003 0.985265 0.16782 -1.05581 6.19408
16.016 0.96801 0.247651 -1.55867 6.08877
16.029 0.944285 0.325825 -2.0515 5.94266
16.042 0.914243 0.40182 -2.53101 5.75666
16.055 0.87808 0.475125 -2.99395 5.53196
16.068 0.836033 0.545246 -3.43719 5.26999
16.081 0.78838 0.611711 -3.85772 4.97247
16.094 0.735436 0.67407 -4.25267 4.64134
16.107 0.677552 0.731902 -4.61934 4.27878
16.12 0.615115 0.784815 -4.95521 3.88721
16.133 0.548542 0.83245 -5.25797 3.46921
16.146 0.478276 0.874482 -5.52552 3.0276
16.159 0.40479 0.910626 -5.75602 2.56534
16.172 0.328577 0.940634 -5.94784 2.08554
16.185 0.250148 0.964301 -6.09966 1.59144
16.198 0.170033 0.981464 -6.21039 1.08639
16.211 0.0887703 0.992005 -6.27926 0.573826
16.224 0.0069086 0.995851 -6.30577 0.0572218
16.237 -0.0749997 0.992974 -6.2897 -0.4599
16.25 -0.156402 0.983391 -6.23115 -0.974014
16.263 -0.236747 0.967167 -6.13052 -1.48161
16.276 -0.315494 0.94441 -5.98846 -1.97923
16.289 -0.392109 0.915274 -5.80596 -2.46348
16.302 -0.466076 0.879956 -5.58426 -2.93105
16.315 -0.536896 0.838695 -5.32488 -3.37877
16.328 -0.60409 0.791772 -5.02961 -3.80358
16.341 -0.667206 0.739503 -4.70046 -4.2026
16.354 -0.725819 0.682243 -4.33971 -4.57313
16.367 -0.779536 0.620381 -3.94982 -4.91267
16.38 -0.827997 0.554335 -3.53349 -5.21894
16.393 -0.870876 0.484553 -3.09355 -5.48989
16.406 -0.907889 0.411507 -2.63302 -5.72371
16.419 -0.93879 0.335691 -2.15504 -5.91887
16.432 -0.963373 0.257615 -1.66288 -6.07409
16.445 -0.98148 0.177807 -1.15987 -6.18838
16.458 -0.992991 0.096805 -0.649432 -6.26101
16.471 -0.997835 0.0151524 -0.135012 -6.29157
16.484 -0.995985 -0.0666019 0.379919 -6.27991
16.497 -0.987457 -0.14791 0.891902 -6.22618
16.51 -0.972314 -0.228227 1.3975 -6.13079
16.523 -0.950663 -0.307016 1.89335 -5.99446
16.536 -0.922654 -0.383753 2.37613 -5.81816
16.549 -0.88848 -0.457925 2.84266 -5.60314
16.562 -0.848373 -0.529039 3.28984 -5.35089
16.575 -0.802605 -0.596623 3.71472 -5.06315
16.588 -0.751487 -0.660231 4.11453 -4.74188
16.601 -0.695362 -0.719439 4.48664 -4.38928
16.614 -0.634608 -0.773859 4.82862 -4.00771
16.627 -0.569632 -0.82313 5.13827 -3.59975
16.64 -0.50087 -0.86693 5.41356 -3.16813
16.653 -0.428779 -0.904969 5.65274 -2.71572
16.666 -0.353842 -0.937 5.85425 -2.24554
16.679 -0.276556 -0.962812 6.01682 -1.76069
16.692 -0.197436 -0.982237 6.13942 -1.26438
16.705 -0.117006 -0.99515 6.22126 -0.759881
16.718 -0.035801 -1.00147 6.26185 -0.250517
16.731 0.0456413 -1.00115 6.26094 0.260367
16.744 0.126781 -0.994195 6.21855 0.769419
16.757 0.207082 -0.980658 6.13499 1.2733
16.77 0.286011 -0.960626 6.0108 1.7687
16.783 0.363045 -0.934233 5.84681 2.25239
16.796 0.437676 -0.901653 5.64409 2.72118
16.809 0.509408 -0.863101 5.40396 3.172
16.822 0.577765 -0.818831 5.12799 3.60188
16.835 0.642294 -0.769137 4.81797 4.008
16.848 0.702567 -0.714345 4.47593 4.38768
16.861 0.758182 -0.654818 4.10408 4.7384
16.874 0.808769 -0.590948 3.70486 5.05784
16.887 0.853989 -0.523156 3.28085 5.34386
16.9 0.89354 -0.451892 2.83484 5.59455
16.913 0.927156 -0.377627 2.36974 5.80821
16.926 0.954611 -0.300852 1.8886 5.98339
16.939 0.975716 -0.222076 1.39458 6.11889
16.952 0.990329 -0.141822 0.89093 6.21374
16.965 0.998346 -0.0606241 0.380981 6.26727
16.978 0.99971 0.0209779 -0.131891 6.27905
16.991 0.994407 0.10244 -0.64428 6.24895
17.004 0.982466 0.183218 -1.15277 6.1771
17.017 0.963962 0.262772 -1.65397 6.06392
17.03 0.939013 0.34057 -2.14451 5.91008
17.043 0.907782 0.416088 -2.62109 5.71657
17.056 0.870471 0.488821 -3.08049 5.48461
17.069 0.827328 0.558277 -3.51961 5.21569
17.082 0.778635 0.623989 -3.93545 4.91157
17.095 0.724717 0.685513 -4.32519 4.57424
17.108 0.66593 0.742432 -4.68614 4.20593
17.121 0.602667 0.79436 -5.01584 3.80909
17.134 0.535351 0.840946 -5.31201 3.38635
17.147 0.464431 0.881871 -5.57261 2.94054
17.16 0.390384 0.916857 -5.79581 2.47468
17.173 0.313706 0.945665 -5.98006 1.99188
17.186 0.234913 0.968097 -6.12408 1.49542
17.199 0.154536 0.983999 -6.22685 0.988667
17.212 0.0731156 0.993262 -6.28763 0.475054
17.225 -0.00879788 0.995821 -6.30599 -0.0419222
17.238 -0.090652 0.991656 -6.28176 -0.55874
17.251 -0.171894 0.980794 -6.21512 -1.07188
17.264 -0.251975 0.963309 -6.10648 -1.57783
17.277 -0.330354 0.939316 -5.95659 -2.07315
17.29 -0.406501 0.908979 -5.76648 -2.55446
17.303 -0.479903 0.872503 -5.53743 -3.01847
17.316 -0.550065 0.830135 -5.27103 -3.46202
17.329 -0.616512 0.782161 -4.9691 -3.88211
17.342 -0.678797 0.728907 -4.63372 -4.27587
17.355 -0.736502 0.670735 -4.26718 -4.64066
17.368 -0.789239 0.608038 -3.87202 -4.97399
17.381 -0.836654 0.541241 -3.45094 -5.27364
17.394 -0.87843 0.470796 -3.00682 -5.53761
17.407 -0.91429 0.397181 -2.5427 -5.76414
17.42 -0.943995 0.320891 -2.06175 -5.95173
17.433 -0.967348 0.242443 -1.56724 -6.09918
17.446 -0.984199 0.162364 -1.06255 -6.20553
17.459 -0.994437 0.0811947 -0.551077 -6.27014
17.472 -0.997999 -0.000519851 -0.03629 -6.29261
17.485 -0.994867 -0.082231 0.478344 -6.27287
17.498 -0.985065 -0.163391 0.989368 -6.21111
17.511 -0.968666 -0.243457 1.49336 -6.10781
17.524 -0.945784 -0.321893 1.98695 -5.96374
17.537 -0.916578 -0.398177 2.46687 -5.77992
17.55 -0.881248 -0.471801 2.92992 -5.55764
17.563 -0.840034 -0.542275 3.37305 -5.29845
17.576 -0.793216 -0.609131 3.79335 -5.00413
17.589 -0.74111 -0.671927 4.18804 -4.67669
17.602 -0.684069 -0.730248 4.55456 -4.31834
17.615 -0.622474 -0.783708 4.89052 -3.93152
17.628 -0.556738 -0.831955 5.19373 -3.51881
17.641 -0.487302 -0.874672 5.46223 -3.08298
17.654 -0.414628 -0.911578 5.6943 -2.62692
17.667 -0.339202 -0.942433 5.88845 -2.15368
17.68 -0.261524 -0.967033 6.04343 -1.66639
17.693 -0.182112 -0.985219 6.15827 -1.16826
17.706 -0.101492 -0.996873 6.23224 -0.662568
17.719 -0.0201998 -1.00192 6.26489 -0.152653
17.732 0.0612264 -1.00033 6.25602 0.358139
17.745 0.142247 -0.992109 6.20572 0.866458
17.758 0.222326 -0.97732 6.11432 1.36897
17.771 0.300932 -0.956057 5.98243 1.86238
17.784 0.377545 -0.928464 5.81093 2.34345
17.797 0.451658 -0.894722 5.60093 2.80903
17.81 0.522779 -0.855054 5.35381 3.25607
17.823 0.590438 -0.809721 5.07117 3.68162
17.836 0.654184 -0.759024 4.75486 4.08287
17.849 0.713594 -0.703296 4.40693 4.45719
17.862 0.768274 -0.642905 4.02964 4.8021
17.875 0.817857 -0.57825 3.62546 5.11529
17.888 0.862014 -0.509758 3.19702 5.39468
17.901 0.900448 -0.437882 2.74712 5.6384
17.914 0.9329 -0.363097 2.27871 5.8448
17.927 0.959151 -0.285898 1.79485 6.01246
17.94 0.979022 -0.206799 1.29873 6.14023
17.953 0.992378 -0.126322 0.793615 6.22721
17.966 0.999124 -0.0450049 0.282843 6.27277
17.979 0.99921 0.0366125 -0.230201 6.27653
17.992 0.992631 0.117986 -0.742108 6.23841
18.005 0.979425 0.198571 -1.24946 6.1586
18.018 0.959676 0.27783 -1.74888 6.03757
18.031 0.93351 0.355231 -2.23699 5.87605
18.044 0.901097 0.430254 -2.71053 5.67506
18.057 0.862649 0.502396 -3.16629 5.4359
18.07 0.818419 0.571171 -3.60117 5.16009
18.083 0.768699 0.636114 -4.01223 4.84945
18.096 0.713819 0.696787 -4.39665 4.50601
18.109 0.654144 0.752779 -4.75181 4.13203
18.122 0.590071 0.80371 -5.07525 3.73001
18.135 0.522028 0.849234 -5.36476 3.30263
18.148 0.450472 0.889042 -5.61832 2.85275
18.161 0.375881 0.922861 -5.83417 2.38339
18.174 0.298757 0.950461 -6.01081 1.89772
18.187 0.219619 0.971653 -6.14699 1.39903
18.2 0.139 0.986291 -6.24177 0.890688
18.213 0.0574428 0.994273 -6.29444 0.376159
18.226 -0.0245022 0.995543 -6.30464 -0.14106
18.239 -0.106282 0.990092 -6.27227 -0.657446
18.252 -0.187344 0.977954 -6.19754 -1.16948
18.265 -0.26714 0.959212 -6.08093 -1.67366
18.278 -0.345132 0.93399 -5.92325 -2.16655
18.291 -0.420793 0.902459 -5.72557 -2.64479
18.304 -0.493612 0.864834 -5.48923 -3.10513
18.317 -0.563097 0.821368 -5.21587 -3.54441
18.33 -0.628781 0.772356 -4.90737 -3.95967
18.343 -0.69022 0.718131 -4.56583 -4.34809
18.356 -0.747002 0.65906 -4.19361 -4.70703
18.369 -0.798745 0.595544 -3.79327 -5.03407
18.382 -0.845104 0.528013 -3.36754 -5.32704
18.395 -0.885767 0.456923 -2.91935 -5.58396
18.408 -0.920464 0.382756 -2.45175 -5.80313
18.421 -0.948966 0.306012 -1.96795 -5.98312
18.434 -0.971085 0.22721 -1.47123 -6.12276
18.447 -0.986675 0.146881 -0.964973 -6.22116
18.46 -0.995638 0.0655644 -0.452599 -6.27771
18.473 -0.997918 -0.016192 0.0624266 -6.29209
18.486 -0.993504 -0.0978398 0.576636 -6.26428
18.499 -0.982432 -0.178832 1.08658 -6.19451
18.512 -0.96478 -0.258627 1.58883 -6.08334
18.525 -0.940673 -0.336691 2.08006 -5.93156
18.538 -0.910277 -0.412504 2.55698 -5.74027
18.551 -0.873799 -0.485561 3.01645 -5.51079
18.564 -0.831489 -0.555378 3.45543 -5.24473
18.577 -0.783632 -0.62149 3.87103 -4.94389
18.59 -0.730553 -0.68346 4.26052 -4.61035
18.603 -0.672608 -0.740878 4.62136 -4.24636
18.616 -0.610187 -0.793365 4.95121 -3.85437
18.629 -0.543708 -0.840576 5.24791 -3.43701
18.642 -0.473615 -0.882201 5.50956 -2.99708
18.655 -0.400376 -0.917965 5.73448 -2.53749
18.668 -0.324478 -0.947636 5.92121 -2.06132
18.681 -0.246428 -0.971018 6.06857 -1.57169
18.694 -0.166744 -0.98796 6.17563 -1.07186
18.707 -0.0859535 -0.998353 6.24171 -0.5651
18.72 -0.00459366 -1.00213 6.26641 -0.0547575
18.733 0.0767966 -0.999265 6.24959 0.45582
18.746 0.157678 -0.989782 6.19137 0.963283
18.759 0.237515 -0.973744 6.09216 1.4643
18.772 0.31578 -0.951256 5.95261 1.9556
18.785 0.391953 -0.922469 5.77364 2.43395
18.798 0.46553 -0.887573 5.55642 2.89621
18.811 0.536024 -0.846798 5.30236 3.33935
18.824 0.602967 -0.800414 5.01312 3.76046
18.837 0.665914 -0.748726 4.69058 4.15675
