4.66444
0.329837
0.265891
0.283158
0.389324
0.916918
1.8249
0.0316467
1.83844
0.916453
0.485058
0.113422
0.443904
0.242803
0.0917182
0.143113
0.0775763
0.0264311
0.0623702
0.012092
0.0308195
0.0223262
0.0973956
0.0182357
0.0227331
0.00240772
0.00507328
0.00775049
0.000495129
0.000445812
0.00197125
0.00318202
0.000306304
0.00156154
0.00121148
0.000568328
6.77585e-05
0.0001903
8.88118e-05
4.69664e-05
0.000575158
7.07039e-05
5.2807e-05
1.77602e-05
3.67175e-05
0.000115385
0.000133581
0.000110651
4.17752e-05
2.9226e-06
1.24624e-06
0.000175609
2.06059e-05
1.75178e-05
3.69576e-05
1.34219e-06
2.2088e-05
5.79228e-06
1.52313e-05
1.15178e-05
8.9378e-06
6.35911e-06
2.05412e-05
2.09822e-05
7.71295e-06
2.67566e-05
3.44472e-06
6.27192e-06
5.59511e-06
5.40836e-08
1.57967e-06
1.16327e-06
3.26653e-07
9.86893e-08
9.54179e-07
1.69986e-07
4.97512e-07
1.91136e-07
6.81833e-07
8.98065e-08
1.51063e-07
9.93233e-08
6.08121e-09
8.11511e-08
7.04276e-08
7.28025e-08
2.22948e-08
1.01335e-08
3.34616e-08
5.80221e-08
6.52766e-09
9.42848e-09
4.20674e-11
1.27436e-08
5.80026e-10
1.37922e-09
3.91064e-10
3.79945e-09
1.39194e-09
2.06681e-09
1.2649e-09
7.56585e-10
2.77514e-09
2.74972e-10
1.88641e-09
7.61926e-10
2.38456e-10
7.09958e-10
1.13123e-09
2.19355e-10
4.9107e-10
3.40116e-11
1.27134e-10
1.85734e-12
1.0809e-11
3.5362e-11
6.4792e-10
1.58493e-10
6.23553e-11
1.8394e-11
5.93554e-11
1.89435e-10
3.60168e-11
2.89982e-12
1.40016e-11
1.25391e-10
5.23596e-11
6.18717e-12
9.10466e-12
7.16185e-11
6.42681e-12
1.8777e-12
1.11056e-12
1.46867e-12
7.71878e-13
3.75834e-12
8.72677e-12
3.68094e-13
2.50986e-12
4.59743e-13
1.29791e-12
5.30566e-13
2.5999e-13
8.99582e-14
3.58562e-14
7.19074e-15
1.705e-13
4.73434e-15
1.44302e-13
1.02136e-13
5.46504e-14
1.0723e-14
2.12478e-14
3.09918e-14
9.70979e-15
1.15623e-14
3.99931e-14
2.30567e-15
1.56369e-14
1.16723e-14
2.67058e-16
2.43466e-15
3.08307e-16
3.7609e-15
1.15306e-15
1.22198e-15
1.23723e-15
1.34716e-15
5.71086e-16
5.41076e-16
1.6795e-16
2.34234e-16
6.89965e-17
3.07692e-17
4.21394e-17
4.46496e-16
1.04584e-16
3.30937e-16
1.12698e-17
9.89248e-17
1.78655e-16
1.10641e-16
3.12381e-17
1.64075e-17
3.46847e-17
2.54632e-17
5.28749e-17
2.71922e-17
1.65414e-17
3.0158e-17
1.97281e-17
1.88747e-17
5.12662e-18
3.07596e-18
3.81988e-18
6.13954e-19
1.02109e-18
5.72669e-19
9.63146e-19
4.10311e-19
1.33038e-18
3.89365e-19
4.06938e-20
3.07433e-20
8.33175e-20
4.56467e-19
1.05191e-19
4.34052e-19
8.58845e-20
4.69716e-19
8.55899e-20
1.47626e-19
1.83558e-20
7.61185e-22
5.44165e-20
1.03765e-20
1.59719e-21
1.78157e-21
1.31098e-20
3.84272e-21
1.25881e-21
3.82155e-21
1.30992e-21
1.7189e-22
7.78398e-22
8.419e-22
8.12589e-22
8.42622e-23
8.08709e-22
3.70042e-22
7.92008e-23
5.33567e-23
4.12188e-23
2.68096e-22
9.07576e-23
3.42617e-23
7.78854e-23
1.12591e-22
2.06588e-22
6.52307e-23
6.02848e-23
1.23975e-24
4.07109e-23
1.40553e-23
8.92471e-24
1.14049e-23
8.22976e-24
1.37185e-24
7.0351e-24
5.75246e-24
1.29952e-23
9.07956e-24
2.60456e-24
1.10205e-23
3.93779e-24
1.18002e-23
3.84768e-24
1.5417e-24
6.72472e-24
3.74007e-25
7.05454e-24
3.4945e-24
6.32982e-25
1.14413e-24
1.48493e-24
1.67448e-25
3.91692e-25
1.75242e-25
9.63225e-25
3.67859e-25
2.91713e-26
2.98687e-27
2.84382e-26
6.06014e-26
1.24971e-25
2.39909e-26
2.34024e-26
5.48857e-27
4.44778e-26
2.75304e-26
2.2393e-26
8.9565e-28
1.18126e-26
8.60604e-27
8.5392e-29
6.55436e-27
5.49136e-28
2.15659e-27
4.56152e-29
5.69453e-28
4.56027e-27
2.11454e-27
9.28107e-29
1.94592e-27
2.23746e-28
1.09313e-28
5.49248e-29
6.40497e-29
1.4145e-27
2.82002e-28
4.84833e-28
3.3896e-27
5.09017e-28
7.79009e-28
7.36086e-30
6.48089e-28
2.68242e-28
8.40038e-28
1.72134e-28
1.66221e-28
2.65156e-29
5.07158e-29
7.5966e-29
1.61338e-29
1.35112e-29
1.08783e-29
7.39476e-30
2.63549e-30
2.63607e-29
1.39797e-30
1.34413e-29
2.95981e-29
9.36844e-31
4.50668e-30
1.01836e-29
1.77953e-30
1.29208e-30
6.07297e-31
2.72051e-30
1.66833e-30
1.21954e-30
5.97764e-31
3.13992e-30
1.06821e-30
1.11301e-30
2.40572e-30
8.56674e-31
3.63343e-31
8.19727e-32
6.20312e-31
5.08967e-31
5.048e-31
2.24095e-31
1.25853e-31
1.36488e-32
5.28623e-32
5.4838e-32
5.99915e-33
9.94237e-32
1.06081e-31
1.91903e-32
8.39047e-33
7.52291e-33
5.7973e-33
1.07541e-33
1.13534e-32
1.09444e-32
5.10401e-33
5.14568e-33
7.24127e-33
1.13288e-32
2.33268e-33
5.14328e-33
2.65391e-33
2.15081e-33
1.64517e-34
1.04914e-33
1.14311e-34
3.12069e-34
5.02601e-34
3.58466e-34
5.14642e-35
1.33305e-35
5.05983e-35
1.69199e-34
3.41604e-35
4.31305e-35
6.60999e-35
1.41386e-35
5.12856e-35
1.06364e-35
2.29298e-36
6.4694e-35
2.85478e-35
6.02124e-37
6.6034e-35
4.4061e-36
1.27656e-35
2.61895e-35
1.73933e-35
2.44484e-36
5.21027e-37
5.1918e-36
1.75497e-36
4.872e-36
1.16431e-35
1.44002e-37
4.89382e-36
3.52149e-36
4.2099e-37
6.27932e-37
1.32034e-37
4.90087e-37
5.51822e-37
2.51169e-37
1.08974e-37
3.91509e-37
2.42877e-38
1.47285e-38
1.16084e-37
1.18546e-37
6.18416e-39
1.91422e-37
1.05473e-37
6.34265e-38
2.37684e-38
1.30942e-37
1.06336e-38
1.34252e-38
2.48353e-39
2.00901e-39
6.49424e-39
9.11182e-39
2.06498e-38
8.38187e-40
1.18124e-39
9.04242e-40
1.96535e-40
6.18508e-40
6.11917e-40
1.43853e-40
9.12987e-40
3.13772e-41
3.56399e-40
4.63292e-41
1.87164e-41
1.47787e-40
1.87746e-42
3.8285e-41
1.18769e-40
9.36649e-41
1.34263e-40
1.06335e-40
4.03932e-42
6.29022e-43
2.30108e-41
7.21966e-42
4.46796e-42
1.09746e-42
6.20537e-43
4.09529e-43
1.84889e-42
1.01785e-42
1.75157e-42
1.15124e-43
1.3805e-43
4.49955e-43
8.8055e-45
4.03392e-43
2.12842e-43
2.01447e-43
4.34818e-43
1.45242e-43
3.6106e-44
9.84462e-44
1.31287e-43
2.46927e-44
3.62025e-45
3.11976e-44
2.4238e-44
6.09486e-44
1.32167e-44
6.95529e-46
2.72247e-44
2.85116e-45
3.52179e-45
1.216e-44
2.00771e-45
8.9562e-45
1.10878e-45
5.14099e-46
2.11759e-46
2.89304e-45
1.8646e-45
1.20893e-45
2.87365e-46
2.10754e-45
3.79324e-46
3.29205e-46
8.07994e-47
7.94341e-47
1.09563e-46
1.17355e-47
2.72624e-46
2.73945e-46
8.97961e-47
5.83642e-46
1.86024e-46
1.20599e-46
1.49135e-46
7.39814e-47
1.70112e-46
1.60005e-46
1.03487e-46
1.33992e-46
8.78342e-48
9.87401e-47
5.59917e-47
6.01686e-47
2.87695e-47
1.10921e-46
2.4305e-47
9.77357e-48
3.24756e-47
7.88634e-49
9.13967e-48
1.58198e-47
4.28423e-49
1.63788e-48
3.65821e-48
1.77068e-48
1.25595e-48
3.26131e-48
1.25954e-48
4.94226e-49
6.30266e-49
1.18976e-48
1.37982e-48
3.86305e-49
4.99002e-50
2.35146e-49
8.43083e-50
3.84315e-50
2.48143e-50
2.57732e-51
2.53103e-50
6.74598e-51
7.54292e-51
1.58089e-51
7.77906e-51
5.79917e-52
7.54949e-51
4.80918e-51
2.96994e-52
5.89534e-52
1.13919e-51
1.68038e-52
3.47162e-52
2.73244e-52
1.12771e-52
3.92626e-52
4.1215e-52
3.5068e-52
2.08357e-52
2.58436e-52
5.58518e-53
4.35413e-53
1.63247e-53
2.14663e-53
4.87523e-53
8.84812e-54
2.80223e-54
7.61982e-55
6.33101e-54
1.94779e-54
2.36074e-54
1.41252e-54
4.3035e-54
7.24119e-55
2.58283e-55
9.84218e-55
1.35251e-55
1.36331e-54
1.92932e-55
2.03339e-55
3.66926e-55
3.86423e-55
7.44704e-55
2.86448e-55
2.53246e-55
7.53897e-56
2.60744e-55
9.51405e-56
3.74359e-56
3.3429e-56
1.30934e-56
1.1831e-56
3.09948e-56
4.48097e-57
8.29717e-56
4.16677e-57
4.12522e-56
2.95476e-56
2.59122e-57
1.2084e-56
6.18223e-57
1.43655e-56
6.04805e-57
1.21921e-57
8.97942e-57
2.34016e-57
5.30791e-59
9.48813e-59
1.45846e-57
4.59305e-58
2.73758e-57
3.13776e-58
8.02372e-59
2.09697e-58
1.24615e-60
2.91784e-58
2.83517e-59
1.8615e-59
7.47317e-59
8.88547e-59
6.91171e-59
2.08839e-58
4.29743e-59
4.10522e-60
4.1555e-60
3.15109e-59
2.1204e-59
8.59768e-60
1.8345e-59
5.78485e-61
1.43822e-59
2.91081e-61
4.61085e-60
4.29923e-61
9.28473e-61
1.61786e-61
1.017e-60
1.00073e-60
1.79738e-60
8.36622e-61
1.47621e-60
1.45766e-61
7.57817e-62
4.1761e-61
9.33488e-61
3.71224e-61
1.28337e-61
3.89756e-62
4.05631e-61
1.47488e-61
8.26875e-62
2.01478e-62
3.38282e-62
6.31795e-62
4.4034e-62
8.03022e-62
4.85134e-62
1.2291e-62
1.1997e-61
1.12442e-63
1.89821e-62
5.01451e-62
7.01925e-63
1.90192e-62
2.13508e-62
4.3487e-62
2.05131e-63
6.95e-63
1.51973e-63
2.88492e-62
8.78106e-64
5.67368e-65
3.24149e-63
2.45608e-64
3.0163e-63
4.16835e-64
2.51695e-64
2.06627e-63
8.39902e-64
3.56239e-65
4.81081e-64
7.9025e-64
1.76212e-64
3.68234e-64
7.44208e-65
2.22003e-64
4.6521e-65
6.882e-64
1.1664e-64
6.92411e-65
2.09043e-64
2.83847e-65
1.48632e-64
2.11515e-64
4.77003e-65
1.27485e-64
1.56216e-68
6.75969e-66
5.13828e-66
3.83225e-67
8.38132e-66
1.71475e-66
2.53214e-68
6.62252e-66
4.02372e-67
5.46411e-66
1.41288e-69
1.69844e-67
8.98082e-67
5.76774e-67
1.87501e-67
1.4626e-67
5.86622e-69
1.66077e-67
2.71528e-68
8.57283e-68
2.7756e-68
1.61551e-68
1.46886e-68
2.0039e-68
3.27038e-68
4.0577e-69
5.91674e-69
1.87407e-68
5.55064e-69
3.79483e-69
3.53882e-69
3.02138e-69
3.23509e-70
1.22307e-69
6.79448e-70
1.82871e-71
1.46971e-68
5.53171e-70
4.08529e-70
1.2897e-69
4.44097e-70
1.52638e-70
3.31576e-70
1.42534e-69
4.99086e-70
1.74877e-69
1.59146e-69
7.64513e-70
4.4875e-70
2.96223e-70
4.56584e-70
1.06648e-70
3.08386e-71
1.44387e-71
4.43491e-72
1.16158e-70
1.46673e-71
4.56751e-71
3.98376e-71
7.00745e-72
1.08011e-70
4.13067e-72
6.05403e-72
1.62528e-71
5.97588e-72
3.20752e-71
3.15314e-73
4.84778e-72
3.619e-72
2.92538e-72
3.63986e-72
6.71103e-72
4.8829e-72
3.32104e-72
2.44059e-73
1.15465e-72
6.45476e-73
1.54982e-72
1.55029e-73
1.05424e-73
2.89593e-75
1.66767e-73
1.71341e-73
6.7804e-74
7.8405e-75
1.67617e-73
5.72121e-74
5.54469e-75
1.83718e-75
3.17982e-75
1.12832e-74
1.74072e-76
2.83152e-75
8.93855e-75
5.10337e-76
5.09501e-76
4.28998e-75
3.4336e-76
2.38695e-75
7.75462e-76
2.29105e-76
6.94081e-76
8.64064e-76
2.94297e-76
4.3594e-77
4.95954e-76
4.71643e-77
6.59886e-77
7.89859e-79
2.89547e-76
2.39641e-76
4.11216e-77
3.26637e-77
5.72639e-77
6.30838e-78
3.58434e-79
1.30433e-77
3.50521e-77
8.04161e-78
9.13107e-78
5.24344e-78
2.03129e-77
1.07548e-77
9.46188e-79
4.17676e-78
2.20387e-79
6.67618e-79
7.54963e-79
1.01452e-78
8.68495e-79
4.50688e-79
5.49593e-80
1.3457e-79
5.40269e-80
1.35824e-79
2.14585e-80
6.87415e-80
2.16641e-79
7.29236e-80
6.2585e-80
2.4723e-81
5.07063e-81
2.64299e-80
1.61642e-80
7.99792e-81
3.03386e-80
1.49308e-80
2.09236e-80
4.73521e-80
5.01206e-81
5.17024e-81
2.91416e-81
8.83209e-81
1.54744e-81
1.02703e-80
9.13005e-81
1.50112e-81
5.2145e-81
6.23639e-82
3.10651e-82
3.69899e-83
4.63115e-82
4.71393e-82
2.84605e-82
8.08441e-82
2.48472e-82
7.75428e-82
6.87195e-83
2.24323e-82
1.81854e-83
4.986e-83
2.13062e-83
9.81741e-83
4.13834e-83
3.5956e-83
2.56817e-83
1.4858e-83
7.78368e-84
9.27047e-84
2.84884e-84
3.40664e-85
3.18613e-84
7.26703e-85
5.81268e-85
3.89468e-84
8.34629e-85
2.22428e-85
1.42234e-85
3.2486e-86
1.15259e-84
3.95905e-85
1.26196e-85
4.11424e-85
6.53001e-85
4.65244e-87
4.35625e-86
5.24778e-86
9.22097e-86
3.90923e-86
2.16365e-86
9.6268e-86
1.03279e-85
4.1911e-86
1.15328e-85
1.0267e-86
5.57696e-87
7.49869e-88
5.62302e-88
1.94401e-87
2.85651e-86
9.50697e-87
4.07421e-87
1.48725e-87
1.44368e-87
5.5433e-88
2.25686e-87
8.04697e-88
4.01221e-88
1.19707e-87
2.41902e-88
8.24465e-89
5.67932e-89
2.38315e-88
3.71113e-89
2.77018e-89
2.06051e-88
1.58133e-89
4.41303e-89
1.11168e-88
1.37778e-89
1.07455e-89
6.28077e-89
2.87948e-89
3.90388e-90
7.21143e-90
6.24309e-90
2.47909e-90
4.21423e-90
2.98427e-90
8.65819e-91
2.89556e-90
1.77195e-90
3.85139e-91
1.85118e-91
7.4711e-92
1.06563e-91
2.1616e-91
3.21409e-91
2.59765e-91
8.93381e-92
1.30182e-91
5.40537e-93
3.86659e-92
1.37086e-92
3.86866e-93
1.80642e-93
6.70664e-92
2.21532e-92
2.49513e-92
1.63333e-93
2.27695e-93
3.75009e-93
2.07338e-92
4.03246e-93
1.46395e-93
1.32824e-93
7.79397e-94
3.67706e-94
3.6851e-93
6.47529e-94
7.3811e-94
1.62868e-93
2.15105e-94
2.0584e-94
5.00295e-96
1.09868e-93
8.18773e-95
2.60319e-94
1.05636e-96
6.61061e-95
7.50775e-95
6.06922e-95
1.17128e-95
2.56473e-95
3.74403e-95
2.71452e-95
9.92451e-95
9.7416e-96
2.04833e-95
2.70459e-96
7.79284e-96
1.20431e-96
1.7504e-95
1.08742e-95
2.16474e-96
1.69686e-95
4.79846e-96
6.89244e-97
5.39413e-96
9.64484e-97
9.58868e-96
6.97628e-96
1.31359e-96
2.45982e-96
3.54116e-96
1.39447e-97
5.65273e-97
3.41176e-97
6.06304e-97
2.84314e-98
1.27157e-97
1.62966e-96
4.4932e-97
2.16353e-97
5.9347e-97
2.63785e-97
1.06736e-97
1.22305e-97
4.32547e-98
1.07997e-97
7.17323e-98
7.10936e-98
5.06084e-98
5.50367e-98
3.27671e-99
4.37651e-98
1.58627e-98
1.43022e-99
2.93385e-98
4.04299e-99
1.57526e-99
4.76961e-99
4.38694e-99
2.03049e-99
4.32171e-99
7.87836e-99
4.97809e-99
1.25827e-99
4.4599e-100
8.42307e-100
4.14031e-101
4.88901e-100
1.43713e-100
3.47038e-100
7.96171e-100
4.90734e-102
2.21249e-101
3.11997e-101
5.76467e-102
3.136e-101
1.79575e-101
1.70926e-101
1.44053e-101
2.70942e-101
9.98461e-102
4.70146e-101
3.32901e-101
1.24163e-100
3.12607e-101
1.20257e-102
9.33661e-102
1.5415e-101
5.83642e-102
2.81187e-101
2.6906e-101
1.8928e-104
3.67265e-102
6.54526e-102
4.98306e-102
7.64417e-103
7.37369e-104
8.72945e-105
1.4879e-102
2.49482e-104
3.52647e-104
9.27521e-104
5.37211e-103
1.06606e-103
1.98567e-104
1.08438e-104
7.5654e-105
1.27202e-104
4.92954e-105
3.22454e-104
1.8957e-105
1.45239e-104
1.05391e-104
4.75275e-104
1.45518e-104
9.5149e-105
1.25269e-105
4.86251e-105
4.55332e-105
1.8555e-105
1.96963e-105
6.19738e-106
8.57173e-106
1.46155e-105
9.1456e-107
7.55183e-106
7.94309e-106
6.86627e-106
6.18546e-107
1.8872e-106
7.21294e-107
1.15855e-106
2.91908e-107
2.52683e-108
6.24203e-108
2.61762e-107
1.60523e-107
9.92082e-108
9.4736e-108
1.50176e-107
3.16931e-109
1.08153e-107
2.6918e-108
1.5733e-107
7.79644e-108
7.31245e-108
5.62456e-108
1.14223e-107
1.56692e-107
1.07016e-107
4.12119e-107
6.11267e-109
2.00732e-108
6.47978e-108
3.9392e-108
7.05607e-108
1.84755e-108
1.67907e-109
5.07567e-109
4.92391e-110
1.12219e-108
9.2909e-109
2.75225e-108
3.78495e-109
2.30254e-109
5.2281e-109
4.91734e-109
6.65345e-109
4.62407e-109
4.64343e-110
9.32926e-110
3.4862e-111
3.04039e-110
1.3246e-109
7.07137e-111
4.77572e-110
9.03753e-111
2.12243e-111
1.64739e-110
3.29743e-111
1.19032e-110
7.60006e-111
1.40093e-111
3.8574e-111
5.22618e-112
1.29231e-111
1.26366e-111
1.88232e-111
3.9412e-112
7.02609e-112
6.25674e-112
2.51563e-113
9.56014e-113
4.51353e-113
3.11222e-113
1.53385e-113
3.95393e-113
4.54182e-113
6.19823e-114
2.61094e-113
9.09462e-114
1.82697e-113
1.83603e-113
2.99628e-114
2.20088e-113
1.15595e-113
4.3795e-114
5.70093e-116
2.21954e-115
1.25771e-114
5.82582e-115
2.45684e-115
1.31776e-114
8.78555e-115
2.13831e-115
4.78393e-115
7.84621e-116
4.80566e-115
5.32623e-116
1.20367e-115
1.64986e-115
8.70436e-117
5.08364e-116
1.73775e-115
3.2584e-116
5.22931e-116
9.13649e-117
3.62184e-117
7.01338e-117
1.5885e-116
1.15358e-116
1.40458e-118
5.81655e-117
1.17007e-118
3.69918e-117
3.02567e-117
2.05919e-117
1.63666e-117
4.86228e-118
1.67321e-117
1.09303e-118
3.62368e-118
6.25687e-118
2.76454e-118
7.85579e-118
1.14478e-117
9.14154e-118
5.79814e-119
2.64058e-118
1.10495e-118
5.76584e-119
1.46915e-120
5.86806e-119
6.37337e-119
1.72619e-118
4.69673e-119
9.09256e-119
3.5967e-120
2.74058e-119
7.94702e-120
6.096e-119
5.2845e-120
1.03973e-119
3.9722e-119
9.5498e-120
1.44355e-119
5.26545e-120
3.01333e-120
5.35958e-120
7.25061e-120
8.6861e-120
8.37915e-121
8.25232e-121
2.05274e-120
4.15412e-120
4.64597e-120
1.69017e-121
3.39242e-122
1.17768e-120
2.77827e-121
1.93778e-121
3.99448e-121
2.59419e-121
3.6103e-122
4.27542e-121
7.34313e-121
2.8471e-121
9.63784e-121
6.99584e-122
4.44991e-123
5.75366e-122
2.77814e-122
5.00979e-123
2.21571e-123
1.08146e-122
2.42279e-122
8.06013e-123
1.02227e-122
3.96862e-123
1.65556e-123
1.98563e-123
1.11356e-123
9.20973e-124
1.73287e-123
1.21813e-123
3.16245e-124
5.40992e-124
5.42045e-124
2.43975e-124
3.39625e-124
3.93041e-124
8.92661e-125
8.66587e-125
1.13123e-124
4.81986e-125
2.98016e-125
2.3727e-125
7.41788e-125
7.58812e-126
1.01889e-125
6.64796e-126
2.02619e-126
7.91162e-127
4.42145e-127
2.04504e-126
1.21417e-126
7.28156e-127
4.88803e-127
7.35285e-127
9.95999e-127
7.282e-127
1.11947e-127
2.37234e-127
3.89743e-127
1.32592e-127
2.06542e-127
5.15334e-128
5.24526e-128
1.01242e-127
5.65223e-128
7.9363e-128
3.48277e-128
1.33568e-127
2.11146e-128
2.43695e-128
4.42206e-128
2.93839e-130
1.20924e-128
8.44628e-129
9.1359e-129
1.03108e-128
5.54628e-129
1.25312e-128
3.28997e-129
1.16341e-129
7.35611e-132
1.00582e-129
3.53012e-129
2.26855e-130
4.53774e-130
2.14185e-129
1.2192e-129
1.32437e-129
3.32189e-130
7.47612e-131
2.67297e-130
4.49778e-130
3.01505e-131
5.45224e-131
7.43131e-131
6.5456e-131
4.72742e-133
7.40102e-131
2.41395e-130
8.09609e-131
1.16315e-130
3.13868e-131
5.74854e-132
3.98778e-131
2.21413e-131
4.55374e-131
5.02745e-132
6.63201e-132
3.68954e-132
1.87919e-132
1.02711e-131
2.9287e-132
6.12692e-133
7.84164e-133
1.62572e-132
4.50189e-133
3.06198e-132
4.14941e-133
1.76597e-133
1.52033e-132
2.5822e-134
1.45931e-133
3.56115e-133
2.89756e-133
1.1812e-133
5.40755e-134
2.02152e-133
2.82231e-133
4.71444e-133
3.37188e-134
7.13087e-135
7.18072e-134
1.6789e-134
7.61511e-134
1.26021e-134
6.37301e-134
2.60965e-134
1.45117e-134
3.57197e-135
3.7163e-134
1.68251e-134
1.76659e-134
1.46403e-134
2.34235e-135
1.37496e-136
2.72018e-135
1.64673e-135
2.25514e-135
9.54827e-136
7.28262e-136
3.08459e-136
8.62716e-136
4.00163e-136
3.8849e-136
1.13182e-135
8.99481e-137
1.78833e-135
2.49053e-136
5.42712e-137
1.61713e-136
3.99381e-136
1.28647e-136
6.94343e-137
7.48881e-137
3.40846e-137
1.77735e-137
2.69558e-137
8.80461e-139
7.65401e-138
3.7874e-138
1.35008e-138
1.02894e-138
6.95843e-138
2.33359e-138
6.22937e-139
1.72661e-138
6.06522e-138
1.46615e-138
1.73501e-138
2.40875e-138
2.26785e-139
4.01164e-139
1.4714e-138
2.79384e-140
4.73574e-139
1.59907e-139
1.36279e-138
7.34776e-139
8.02238e-140
2.09909e-140
2.21708e-139
1.75712e-139
1.33257e-139
1.01899e-139
1.44557e-140
2.43588e-141
3.91714e-140
2.16679e-140
2.26714e-140
3.40034e-140
2.27724e-140
3.09845e-141
1.36698e-141
6.87107e-141
4.02664e-141
4.65441e-141
2.13975e-142
2.65329e-142
4.65868e-143
4.02776e-143
1.5677e-143
4.81741e-142
6.37706e-142
2.62446e-142
1.09652e-141
2.36482e-142
1.31439e-142
1.81318e-142
2.25136e-143
6.87035e-143
1.75373e-142
1.73949e-142
4.32064e-143
7.29569e-143
6.02266e-143
5.63179e-143
2.1373e-143
9.02036e-143
3.54351e-143
1.16402e-143
1.52047e-143
2.50226e-143
3.70491e-143
7.81865e-144
1.07004e-143
2.57311e-144
1.25962e-144
1.60905e-144
7.46825e-145
1.79722e-144
1.4299e-144
9.8995e-145
5.35096e-144
1.34041e-144
1.24639e-144
2.84075e-144
2.61362e-144
1.5578e-144
9.45063e-145
3.53049e-144
1.36696e-144
1.71434e-145
2.16013e-145
6.3724e-145
5.45349e-146
1.44883e-145
2.09813e-146
2.03586e-145
5.61857e-146
5.25353e-146
5.47104e-145
4.06185e-147
1.3176e-146
1.28104e-146
4.93098e-146
1.31225e-145
7.99197e-146
4.91274e-146
1.88911e-146
2.28198e-146
1.49552e-146
4.81985e-147
1.54507e-146
1.8518e-146
1.48152e-146
3.13244e-147
3.25521e-147
2.73765e-147
7.619e-147
4.51925e-147
4.09446e-148
1.08035e-146
8.69722e-147
4.58555e-147
6.47691e-147
3.0652e-147
8.58395e-148
1.74009e-149
2.48051e-148
1.2404e-147
1.83729e-148
3.62637e-148
8.39235e-148
5.81372e-149
6.68507e-148
5.79992e-148
2.19175e-148
4.85405e-148
9.72002e-149
2.00294e-147
3.89314e-148
5.11948e-148
3.8592e-147
6.39769e-148
3.6517e-148
3.35374e-148
2.10765e-149
9.24014e-149
2.79509e-148
6.7501e-149
6.89737e-150
3.96301e-149
1.49052e-148
2.33755e-149
1.08029e-150
6.36766e-149
8.38149e-150
2.43394e-149
5.99198e-150
4.10273e-149
9.17238e-151
1.14322e-149
2.30485e-149
9.97874e-150
1.12161e-149
6.69633e-150
6.00148e-150
7.92849e-150
5.37514e-151
1.62074e-151
7.91844e-151
5.3753e-151
3.76814e-151
1.10706e-150
6.02466e-153
1.6349e-152
2.22324e-151
4.74279e-152
3.93888e-151
3.9244e-152
2.96427e-152
2.2245e-151
3.17369e-151
1.72787e-151
2.08637e-151
1.66192e-151
1.97275e-153
3.14167e-152
5.1361e-153
2.20316e-153
2.70081e-152
1.10916e-152
5.79111e-153
1.33542e-153
6.28303e-153
1.03855e-152
6.83586e-153
2.64069e-153
1.85294e-154
4.7101e-154
2.06713e-153
3.11243e-153
6.47193e-154
6.23566e-154
1.449e-153
1.19012e-153
2.16851e-154
3.76491e-154
4.27761e-154
2.61172e-154
2.76523e-155
6.78284e-156
1.54562e-154
4.42092e-155
8.2866e-158
1.01554e-155
2.11319e-156
5.6374e-155
5.93134e-157
9.68986e-157
5.08679e-156
2.59377e-156
3.67277e-155
7.33966e-156
2.78877e-156
2.70558e-156
4.07061e-158
5.91058e-156
3.42597e-158
1.44891e-156
3.16103e-157
1.84536e-156
5.2952e-156
2.6112e-157
7.80638e-157
1.94999e-157
8.31534e-157
2.79451e-156
1.2509e-156
1.82989e-158
1.13277e-157
1.35667e-157
1.59485e-157
4.63591e-157
2.25788e-158
4.621e-158
1.49223e-158
2.456e-159
9.11877e-159
2.20675e-158
1.85038e-158
1.2606e-158
6.29281e-159
4.05772e-159
1.20643e-158
3.76348e-159
8.26657e-160
2.98347e-159
5.50706e-160
4.35522e-160
7.08558e-160
4.50451e-160
7.49879e-160
1.19338e-159
4.45348e-161
3.54222e-160
1.42589e-159
2.26966e-160
7.12799e-160
6.87422e-161
1.72723e-160
1.95178e-160
5.43625e-161
7.96622e-162
5.92997e-162
4.29486e-161
9.54709e-161
3.67599e-161
1.02792e-160
2.00234e-161
1.4869e-161
9.40934e-162
1.18841e-162
1.12654e-161
2.60173e-161
1.77308e-161
7.04408e-162
1.62598e-162
1.06313e-161
1.32025e-162
1.87472e-162
3.51637e-162
1.43066e-162
3.08721e-162
5.22134e-163
