#1  time  [s]
#2  count  rate [1/s], series A
#3  count  rate [1/s], series B
#4  count  rate [1/s], series C 
10   462.849  462.341  496.778
20   444.145  533.911  540.395
30   504.072  488.589  544.374
40   475.189  521.329  525.514
50   486.823  499.870  570.794
60   452.584  498.173  542.505
70   486.350  484.412  562.363
80   465.880  514.113  559.073
90   449.312  556.146  518.841
100  473.846  476.894  544.537
110  473.846  445.747  561.424
120  391.675  394.749  396.971
130  332.876  399.615  455.469
140  289.535  311.287  375.348
150  288.897  326.564  333.298
160  215.752  248.406  346.198
170  183.157  189.883  305.690
180  154.834  175.321  226.456
190  156.324  144.741  234.981
200  107.695  102.253  266.516
210  105.137  110.623  203.497
220  66.162  107.549  214.744
230  61.098  64.087  138.472
240  75.402  69.563  137.706
250  46.803  54.235  126.313
260  27.040  32.319  131.747
270  36.185  38.261  117.529
280  29.288  24.009  111.518
290  24.138  39.217  85.744
300  20.306  23.389  83.230
310  18.007  22.131  94.683
320  18.816  21.899  83.264
330  14.881  18.360  39.346
340  23.647  26.351  71.690
350  15.018  18.032  45.425
360  20.469  15.974  45.270
370  11.901  23.173  50.480
380  19.359  20.909  48.233
390  14.622  16.672  39.802
400  10.050  18.997  39.828
410  17.309  17.473  51.161
420  11.798  19.264  42.928
430  11.591  16.723  46.028
440  14.450  18.015  51.462
450  13.684  17.877  36.487
460  17.567  18.962  37.115
470  14.502  17.430  33.309
480  14.812  17.774  51.815
490  10.988  18.377  46.218
500  23.139  17.955  33.714
510  23.397  16.121  51.032
520  14.269  16.172  37.477
530  16.060  18.997  34.403
540  17.421  19.135  39.880
550  14.269  13.296  39.906
560  14.269  14.906  31.509
570  13.580  16.491  45.985
580  14.373  14.459  51.453
590  15.707  19.660  27.496
600  10.394  21.253  29.107
