0 -19.7592 -19.7592
0.234 0.19552 -15.1935
0.468 3.88673 -16.4742
0.702 4.00239 -17.901
0.936 3.91771 -18.9614
1.17 3.85451 -19.5452
1.404 3.81381 -14.9053
1.638 3.78703 -16.8847
1.872 3.76867 -18.1281
2.106 3.75558 -19.234
2.34 3.74593 -18.7013
2.574 3.7386 -15.2065
2.808 3.73291 -17.2285
3.042 3.72839 -18.3515
3.276 3.72475 -19.507
3.51 3.72176 -17.2023
3.744 3.71927 -15.7158
3.978 3.71719 -17.5205
4.212 3.71541 -18.581
4.446 3.7139 -19.7185
4.68 3.71258 -15.698
4.914 3.71144 -16.2292
5.148 3.71044 -17.7763
5.382 3.70956 -18.8253
5.616 3.70878 -19.7179
5.85 3.70808 -14.9559
6.084 3.70746 -16.6784
