-1.0656
1.34524
0.444494
0.635733
-0.639654
-0.834288
-0.794131
-0.710618
-0.670795
-2.20717
-0.924273
2.53304
0.634113
-0.710077
-1.63128
-1.25488
1.12862
0.456243
-0.889865
-0.467169
0.894032
0.20793
-1.5661
0.545287
-1.63713
-0.126229
-0.544186
1.36565
-1.84915
-1.41235
-1.11637
1.23128
0.52741
-0.386557
1.95357
0.242405
1.63365
-0.574191
-0.444408
-0.0629222
0.318069
0.723884
-1.23711
-0.787695
1.22109
1.58492
-0.469575
-0.509889
-1.29918
0.292081
0.18586
-0.212368
0.301564
-1.45717
0.380032
-2.00482
1.4326
-0.0202302
1.54162
-0.754537
-0.766503
-0.968865
-0.464815
0.0604621
-1.14346
0.313327
1.75471
-1.33441
-0.374353
0.450535
1.3796
-0.784885
-0.225822
-1.35134
0.993189
-1.08182
-0.285854
0.17449
0.122601
-1.11844
-0.76521
-1.34343
0.70626
-1.4369
1.27308
-1.06457
0.493825
-2.19322
-0.821473
0.419522
1.1625
0.240782
-1.29506
0.800903
-0.119511
-0.2319
1.30229
0.515012
1.00128
-1.04297
-0.36849
-0.960519
-1.35979
0.350535
-0.517956
-0.800081
-0.278035
-1.27056
0.179065
-0.0181076
0.947376
0.912169
-1.54669
0.708279
0.444061
-0.474761
0.356919
0.603778
-0.708773
-0.567304
-1.76002
-1.92255
-1.35379
-0.481134
0.399586
-0.0656557
-1.12414
0.82369
0.0234396
-0.065111
-0.356794
-0.995779
0.287652
0.247583
0.00757787
0.0934855
-0.494422
1.26831
-2.52798
-0.646338
-2.21705
0.815125
-2.13224
0.908611
0.164685
0.184059
-1.28693
0.772262
-0.644501
-0.356867
-1.704
0.780752
-0.53543
-1.59819
0.0680128
-1.13127
-0.387551
-0.342159
1.19813
1.35859
-0.769369
-0.815804
0.827924
0.0292759
-0.701997
-0.844075
-1.02814
-0.57169
0.304617
0.140224
-0.089011
-0.106637
0.634738
-0.53538
-0.0229771
0.815612
-1.97793
0.989653
0.594359
0.943202
0.485685
-0.773764
-0.947558
0.175303
1.51872
1.16402
1.54345
-0.660676
-0.0219385
-2.04984
-0.953043
-0.197802
0.451151
0.0440413
-1.27971
-0.876651
-1.65417
-1.38947
1.46974
-0.259666
-1.20221
1.19374
-2.0714
-0.765296
-0.692405
-1.78121
-0.40025
1.0662
-0.545454
1.30041
2.06619
-0.294206
0.872736
0.260122
-0.578546
0.0666126
0.00544841
0.537106
-0.208749
-0.961134
0.532563
-1.81213
-0.537816
0.19376
0.717381
-0.87683
0.172909
-1.21147
0.792384
0.936161
-0.331355
0.442203
-0.213318
0.378142
0.485853
0.807656
-2.0894
-0.324283
0.975095
1.01875
-1.16286
0.591867
1.251
1.53165
0.645785
0.396737
0.388968
-0.893938
2.05196
-1.18883
-1.37333
-0.17725
-0.492223
-0.312344
-0.54959
-2.90305
0.715844
0.0584138
0.140849
0.664407
-0.0233012
-0.277065
-0.0184609
0.634615
-1.10183
-0.114574
-0.327966
-0.854693
0.866694
-1.6769
-0.0300385
-1.6259
-0.483901
0.350294
1.12443
-0.622206
-1.4891
1.80213
0.225116
0.085242
-1.52202
-0.681346
0.4022
-1.31996
0.0339041
1.33892
0.172465
2.63885
-1.18429
-1.44095
-2.27594
-0.687484
-1.79919
-0.26555
0.025412
1.22518
-0.919195
-1.31424
-0.271848
0.855214
-0.773937
-2.85312
-0.326721
-0.775047
1.62527
1.35762
-0.224036
1.1619
1.09011
-1.18971
-1.15626
-0.89988
0.528434
0.951843
-0.622767
2.08858
0.0912447
0.454724
-1.25079
-2.23418
2.34891
0.316778
-0.235503
1.01542
0.916355
1.10046
-1.32451
0.443785
0.260378
0.805969
-0.156897
-0.435308
-0.303982
-0.334568
0.154834
-1.33845
-1.299
-0.765357
0.607839
-0.554375
-2.16022
-0.435376
1.0434
-0.601936
1.13316
0.983258
-0.644727
-0.461538
-0.321326
1.2934
0.911514
1.89868
1.14757
-0.230534
0.513058
0.675811
0.392184
0.533968
-1.62642
-0.589607
0.537012
-0.414599
-0.198336
1.45749
-0.990594
-0.531466
0.670485
-0.496183
0.0320376
0.615078
0.509439
0.973099
-0.877616
-0.180417
-0.0871154
-0.577132
0.123825
1.1559
1.51338
-0.43728
-0.99039
0.244657
0.867908
0.0999105
0.161267
-1.03554
0.295908
1.14069
0.616627
0.169872
0.855387
2.17027
1.21801
0.165334
0.12282
-0.462782
-1.86897
0.348128
-0.428866
0.193004
0.542454
1.39289
0.384626
-1.39347
0.731635
0.587783
-0.405141
-1.31825
-0.891307
-0.0691579
0.72278
-0.619138
-0.427595
-1.46881
0.781484
-0.925126
-1.08804
0.388925
0.288644
1.77872
-0.621926
-1.15105
0.363722
1.88314
-0.963562
0.99263
0.0199112
-0.503287
0.38473
2.75987
1.36107
0.956395
-0.934674
-0.855582
1.59513
-0.183364
0.209485
0.519435
-1.47206
0.0385576
-0.328871
1.21606
0.63775
1.52423
0.758502
0.00887913
1.26659
0.853334
0.495724
-0.057738
-0.539234
0.218681
0.395217
-0.0307823
2.22042
-0.412623
1.10788
0.254669
0.126156
1.38045
-0.0596566
0.226486
-0.214577
-0.85667
0.0133791
-0.758148
1.03105
0.73235
2.43539
1.094
-1.45474
0.182409
-0.392118
-0.452687
0.192325
-0.585782
0.407562
-0.478881
0.748462
-1.1822
-0.798263
3.46417
0.560323
0.907086
0.435247
-0.919359
-0.0507811
-0.0484905
0.328838
0.841465
1.12725
-1.30559
0.718977
1.17039
0.949605
-1.46676
-0.632366
1.86084
-2.60541
1.56268
0.815201
-1.20372
0.499494
-0.910808
0.0387277
2.50966
-1.05258
-0.615546
0.195797
0.0187292
-1.94921
-0.945243
1.2568
-0.943459
-1.10558
0.31081
-0.420556
1.23463
0.349288
-0.0520731
0.0595158
2.02292
-0.000874978
-2.2774
1.43101
0.979646
-0.395296
-0.627796
0.102218
-2.1317
-1.20214
-0.544769
0.363843
0.887563
-2.1656
0.026119
-0.27688
-1.66719
-2.1911
-1.51106
0.908638
-0.895606
-0.171002
-1.26136
-0.508445
0.404055
1.17489
0.971437
2.2554
0.280556
-0.40783
2.49139
-0.478
-0.536546
0.32
-1.02265
-1.25032
-0.242139
0.0339924
1.80653
1.28635
0.251719
0.405505
-0.15528
0.49814
0.521389
-0.430954
0.32611
0.543093
0.581848
-0.123081
0.0142551
1.36323
1.876
0.0410276
0.609851
1.97177
1.2401
0.611931
-0.454271
0.321593
-0.538907
-0.773119
1.04582
1.03759
-0.273426
-0.0106103
-0.715168
0.973748
0.429179
-1.14818
-0.528807
-0.0877134
-0.0106607
0.77941
-2.61627
-0.662376
0.41
-0.358652
-0.293968
-0.758841
1.94059
-0.227007
-0.550987
-0.349388
0.395839
-1.98296
0.686993
0.851369
-1.05885
0.217513
-0.787408
0.622169
1.72018
0.869095
0.983459
0.435972
-0.513592
0.26002
-0.160688
-0.0281076
1.47916
0.430812
0.962131
0.979881
-0.00239573
0.312688
1.20625
-0.946388
-1.28402
-1.01863
1.32886
1.85795
-0.533359
-1.72716
-0.109294
-0.823019
-0.738792
-1.5877
-0.427404
0.2429
0.367982
0.982165
1.8509
-0.279625
-0.679959
0.336157
-0.931087
-0.518504
2.51593
1.31216
0.271859
-0.73103
0.987096
0.175469
-0.489751
0.256379
1.12359
-0.145573
0.887506
0.932417
-0.227865
-0.520902
0.126669
-1.11971
0.691784
-1.96534
0.162367
2.95839
0.316608
-1.67067
-0.764693
0.752343
0.336036
0.92651
-0.155667
-0.779762
0.0839007
0.478961
-0.497716
0.0212833
-0.732348
-0.18659
0.186769
-0.525211
-1.36486
0.916203
0.222934
0.545547
-1.1152
0.0712955
-1.69146
0.365708
-0.0895401
0.553852
0.620551
-0.403119
-0.8707
-0.817368
-1.05066
-0.663242
-0.480232
-0.374752
0.395201
-0.0330923
-1.01253
0.520439
0.193127
0.261946
-1.16773
-0.095444
1.14378
-0.414648
-1.20247
-0.733545
2.88125
-0.841598
-0.56888
-0.937042
-0.769939
-0.226408
1.43493
-0.492992
1.34633
0.204634
0.859048
-0.77216
-1.57063
0.924904
2.79222
-1.0615
-1.72189
-0.526172
1.04428
-1.64688
-0.61173
0.565445
-0.14362
0.832632
-0.397028
-0.123632
0.634349
-0.496748
-0.832811
0.313876
0.918383
0.252604
0.542689
-1.23994
-0.274556
0.708234
1.17109
-0.567044
-0.284958
0.0583293
-2.0093
0.303119
-0.404756
-0.506966
0.748605
-2.42835
0.554588
0.282531
0.359444
-0.589974
0.162364
-0.88186
-1.80765
-0.0997173
1.9173
-0.252752
-0.724418
-0.299827
1.55312
0.48258
0.248416
0.940312
0.170933
2.81988
1.82089
-0.770268
0.282356
-0.932782
0.0751072
0.899331
-0.527861
0.199646
-1.67922
0.48265
0.48919
-0.509561
0.0783516
1.06921
0.850585
-1.04436
-0.188459
-2.31671
-0.552786
0.983578
2.32019
1.31376
1.12473
-0.133653
-0.361719
1.15602
0.216619
0.773808
-0.913313
0.765728
-1.01931
0.238372
0.88229
-0.433967
-0.0381093
-0.626983
-0.230944
-0.917613
-0.649223
0.899271
-0.527381
-0.634007
-1.60647
0.254677
0.678965
0.551616
-0.189566
0.0688173
-1.06046
0.132732
1.01339
1.39185
-0.0831102
-1.22116
0.198431
0.263124
-0.958575
-0.052847
0.565652
-0.165022
-0.326977
-2.96677
-0.213732
-0.508888
0.103123
0.435632
-0.750728
-0.256159
0.798536
1.71045
1.39984
0.847445
-0.489022
2.98771
-0.450973
1.07975
1.21682
-1.29935
-0.722545
-2.0095
-1.94045
0.974016
0.0230265
1.33006
-1.10065
-0.398881
-0.436122
-0.92846
-0.42127
0.455212
-0.1924
-1.04432
-1.04649
-1.22055
-1.52026
0.0528081
-0.81295
-0.726925
0.0818351
0.237537
-0.934681
0.300168
-0.0997217
-1.29322
-2.35346
-0.456024
1.67845
-1.11267
-0.838709
-0.653741
-1.46039
-1.36847
-0.138301
0.33083
0.244841
1.6495
0.277459
0.488544
-0.536514
-1.55891
2.02682
0.968732
0.582133
-1.37119
-0.0399052
-0.95249
1.15784
0.959599
-1.67709
-0.731746
-1.05505
1.43742
1.1026
-1.33771
-0.80089
-0.753821
-0.849477
-0.00916839
0.712015
-1.5532
0.941569
0.49297
-0.599503
-0.65206
-2.03583
-0.598238
2.00517
0.848816
1.26016
-1.61356
-1.18095
0.532507
-0.963539
0.708151
-0.188235
-0.634561
2.39416
0.462086
0.507325
-0.838786
0.515166
-0.946039
-1.50637
1.58303
0.643107
-1.72015
0.416137
0.717079
-0.745583
2.73694
2.09647
-0.0808695
-1.21583
-0.804053
-0.633419
1.25543
0.799918
0.461064
1.1105
1.38251
-1.68614
1.51557
-0.128565
0.961607
-0.039258
0.244213
0.501552
0.361569
-0.798286
-0.0959649
-0.533872
0.724427
0.912555
-0.309117
0.140542
1.40951
-1.87815
0.692499
1.21682
0.582987
-0.424078
-0.741583
-0.0215871
1.29302
0.681359
-0.368325
-1.56798
1.51935
-1.59473
0.44954
1.28632
0.624318
-1.16291
-1.74052
0.657295
-0.259995
-0.928183
-0.00944997
-0.847681
0.245421
1.27363
0.802201
0.74768
0.00374851
0.637621
0.056486
2.72173
-0.769596
1.49435
-0.449844
0.221852
-0.119414
0.382016
1.27525
1.42037
-0.395694
0.666336
-0.0114454
1.8784
-0.76368
-2.33833
-0.438039
0.343562
0.761999
-1.12648
-1.42141
-1.43155
-0.501666
0.129265
0.0395204
-0.393495
-3.05122
1.04685
-1.30688
0.160525
0.562621
-0.884311
0.349359
-0.0464187
0.728524
-0.552202
-2.03447
0.813986
-1.22723
0.274422
-0.617833
-2.48734
2.02715
-2.57683
-1.58252
-0.418695
-0.636481
1.2762
1.63287
0.327335
-1.26032
-1.21756
-1.38971
-1.05303
0.0791769
-0.0230393
1.08002
0.102301
-0.245948
-0.950471
0.193863
-0.318409
-1.04248
-1.58794
1.40084
-0.595445
-0.190551
-0.458086
-0.142758
0.656065
0.439241
-0.294468
1.27776
-1.11621
1.02685
0.992326
1.94383
-0.431646
0.151527
1.17693
-1.09115
-1.27375
0.523634
-1.04708
0.617301
0.66925
0.620148
0.0337137
1.59899
0.133525
-0.301684
-0.474474
1.48362
-0.339121
0.157896
-0.425869
0.172664
-0.104062
-1.96048
-0.226389
-2.54092
-0.813195
-1.06994
-2.50089
-0.319154
-0.360488
0.212083
-0.513445
2.44694
0.00227678
1.19381
-0.0773954
-0.44542
-0.427341
-0.0801311
0.219795
0.246702
0.405062
-0.81744
0.97181
0.430174
1.25807
-1.21035
0.395544
-0.78847
-0.627493
0.681106
0.809633
0.194792
-0.333357
0.656374
0.100248
0.0999066
-1.33698
-0.024006
0.73391
1.7022
0.423345
1.80546
1.84892
-0.74186
0.47348
-0.134831
0.0662353
-1.87548
1.23326
0.795273
-0.740351
0.331029
0.674329
-0.298566
-2.27931
-0.553575
0.157581
0.266022
0.837783
0.987365
1.15597
-0.383744
0.392681
0.401069
-0.442173
-0.597474
0.00443327
0.214856
-0.898916
0.318639
0.530904
-0.42257
0.481594
0.960516
-1.35088
-0.0696818
1.02685
0.132499
-0.00376829
-0.295048
0.158445
-0.635739
1.54431
1.38267
-0.307211
-1.07201
-1.55236
-0.0676872
-0.979733
-0.749232
0.202033
-0.237883
-0.170414
1.3686
0.643188
1.43777
1.22967
-0.000255393
0.991633
1.02229
-0.775766
-0.268005
0.979056
1.13534
-0.473482
-0.177586
-2.076
0.0771665
-0.149496
0.535502
0.0202156
-0.0732096
-0.367112
-0.040685
-0.803027
0.438862
-0.388058
0.553955
-1.54879
-2.02173
-1.27767
1.30899
1.92762
-0.565723
2.36431
0.137089
-0.128515
0.179706
1.25554
0.572705
1.0898
0.546546
-1.06134
0.92388
1.26849
-0.407081
0.0720265
-0.408287
2.31148
0.129223
1.32971
-0.507895
0.850083
-1.38436
0.517962
-0.266803
0.604321
-0.535098
0.091363
-0.512549
-1.89921
-0.0808709
-1.93274
-0.720657
1.16868
-0.559868
0.312212
0.671601
-0.265547
-0.0158536
0.640176
0.196808
-0.0579779
-0.426408
-0.789558
0.193114
-0.84509
1.80268
0.353078
-1.36794
0.363944
-0.0186017
0.336665
-1.31668
0.339364
-0.429868
-0.634136
-0.253824
-0.745623
0.439245
-0.956294
-0.955726
-2.9415
-0.397307
0.0842437
-0.912201
-0.446998
-0.409127
1.54303
0.879686
-2.40716
-1.20306
-0.35739
0.0297595
0.404925
-1.05892
0.462861
0.380716
1.69745
0.286624
-1.02637
-0.464156
0.724126
-1.11791
-0.423528
0.696558
-1.60986
0.542367
-0.890091
-1.64893
1.2353
0.613162
0.736288
0.0266048
1.62933
-0.075308
2.26834
0.887065
-0.712199
1.18072
-0.464439
-0.125689
1.10194
1.05829
0.322787
-0.121693
-0.456863
0.440276
-0.00805371
1.64878
-1.57094
-0.335436
-0.617515
1.25379
-1.33967
-0.71767
-0.759441
-0.00207033
0.037328
0.173534
-0.23634
-0.636914
1.1885
-0.221801
0.854974
0.661716
0.465637
1.26499
1.11996
0.858773
1.0386
-0.843427
0.413762
-0.508601
1.0011
0.302153
-2.03918
0.233808
0.738982
-2.19666
-0.398657
-0.421294
-0.678119
-1.66677
-0.374397
-1.02173
0.428057
-1.37072
0.89999
1.17804
-0.65458
1.30624
0.595631
-1.28133
-0.50124
0.0802769
-0.349605
-0.78595
3.27271
1.54103
0.917558
-0.788193
-0.759083
-2.30809
-0.636518
-0.72668
1.40041
-1.6899
1.1913
0.138833
-0.11137
0.358517
-1.01733
-0.134637
-1.05859
-0.0616781
-0.550713
0.149428
0.404278
-0.411549
-0.704022
-1.31932
-1.09723
1.26659
-1.17292
-0.694023
0.0432429
0.603086
2.39492
-0.257155
-0.444674
-0.128733
-0.724172
-0.516449
0.755554
0.237821
0.970577
0.140247
-0.161887
0.3287
0.438407
-0.152564
-0.550378
0.321012
0.214747
-0.569262
1.99332
0.24388
0.500327
0.826429
0.745166
-0.396406
-0.772963
0.577792
0.626031
2.83524
1.41425
-0.15213
0.874217
-0.286796
-0.934027
1.34162
0.537262
-0.505829
-0.0289627
1.06695
0.52449
1.22057
1.57399
0.980284
-0.990318
0.97017
0.65339
-1.28066
0.124885
-0.933561
0.784587
-0.190001
-0.0879954
0.893489
-0.143533
0.369969
-0.0621267
0.249096
-0.0503126
-0.478511
-0.0313766
-0.930256
-0.074527
0.925931
1.13297
-0.0976484
-0.271064
-1.45331
-0.0469083
0.591281
-0.276315
-0.526092
0.802442
1.9539
1.69429
0.273225
-0.520663
0.202998
-0.301466
1.14722
-0.389462
-0.401704
-0.990227
-1.23159
-0.642461
0.796195
0.47239
-1.15763
0.780359
-0.206064
-0.330643
0.464784
-1.14317
0.204209
-1.78927
-0.796409
1.54171
0.869821
1.55827
0.00705914
-0.430564
1.84489
-1.08194
-1.27435
1.15283
0.890075
-0.93488
-0.517023
1.12194
-0.344356
0.467716
1.22762
0.69421
0.568405
-0.696261
-0.701343
0.701853
0.769922
0.512142
-1.80012
-1.03044
-1.82186
0.176648
-0.324661
-0.0214196
-0.802739
0.0692283
1.28624
-0.509393
0.94657
1.12217
-0.608262
1.24549
-0.226929
0.117325
-1.85375
0.82494
-0.913734
-0.694518
-0.0475146
-0.0317226
1.66649
0.960082
-2.15304
0.23174
-0.734969
-0.443064
0.907836
-0.234863
0.436966
-0.428457
1.28898
0.243132
-0.841116
-0.147102
0.670023
0.688658
-1.06236
-0.167764
-0.87153
0.904823
0.924668
-0.73762
-0.446496
0.331659
0.507999
0.970166
0.411697
1.17054
-0.567213
-2.1354
-0.719023
0.142488
1.58214
0.886643
1.41289
-0.393989
0.311642
1.01695
-1.42489
0.42609
-0.636652
1.5368
1.11371
1.02749
0.227247
1.70121
-0.390889
-1.03989
-1.22809
0.113861
-1.23421
-1.28346
0.581683
0.61053
0.362402
-0.971525
-0.0249148
1.5631
1.29817
-0.484628
-1.53833
0.517589
-1.48354
-0.301541
-0.448285
-0.177187
-0.609341
-1.2817
-1.58289
1.12252
-1.13581
0.404992
-0.860876
1.27557
0.458675
-0.51045
0.354445
1.39166
0.438568
-0.81803
-0.643179
-0.655338
1.31113
0.0679599
-0.818496
-0.786344
-0.537412
0.419746
-0.0926883
0.624364
0.245372
-0.0571621
0.121141
-0.714687
-0.141924
1.37127
0.304541
0.935465
0.078353
-0.513643
-0.60856
1.78064
0.102977
-0.920271
0.853053
-1.22471
-0.56431
0.715102
-0.159654
0.638127
-0.151584
1.11714
-0.828406
0.826155
-1.60957
-0.280275
0.830781
0.374931
0.0966827
-0.119879
0.842355
0.129998
0.596823
-0.857887
-0.868927
-1.79021
-0.59393
1.01068
0.380287
0.216005
0.712478
0.189672
-0.272741
-0.0752831
-0.26434
0.363317
0.81557
1.43307
0.724848
-0.089888
-0.237042
0.06542
1.68317
0.675932
0.384465
-1.16503
0.493057
0.0583603
1.76396
0.843948
-0.837772
0.228235
-1.69993
1.9233
-0.376878
-0.00606023
-1.07239
-0.447148
1.71309
-0.424398
0.834297
1.06631
0.628221
0.183417
0.180483
0.52692
-1.15192
2.41446
0.489744
1.06154
0.275049
1.13645
0.0184889
1.05952
2.26473
0.0255955
-0.342672
1.67976
-2.44487
0.0650573
1.03753
1.04539
-0.062825
-0.238451
-1.80861
-0.763117
-1.07389
0.380891
0.301514
-0.648581
-1.24447
-1.03445
0.953265
-0.511026
0.848563
0.131844
1.47779
0.354699
1.11119
-1.76815
0.32812
-2.23899
-1.17364
-0.275909
-1.4528
1.43801
1.51782
0.0163333
0.44843
-0.534678
-2.09187
-1.20259
1.81219
0.799256
0.202834
-2.07872
1.21371
-0.437589
0.357434
1.32086
-0.448968
-0.417629
0.564078
0.667636
-1.62034
0.432013
1.11839
-0.121865
0.576529
-0.675254
-0.225985
-0.988753
-1.44309
1.04065
1.48466
0.429445
1.63227
0.883557
0.72728
-1.83227
-0.163669
0.0958321
0.265783
-1.00959
-0.168526
0.609603
1.04029
-1.40858
-0.132376
0.582057
0.268778
-0.285836
0.140785
-0.490545
0.303953
-0.480028
0.529685
-1.80597
0.543766
1.25484
0.186327
-0.251673
-0.0968748
-0.206721
-2.07411
2.22007
0.764777
0.140584
0.874186
-1.32183
0.296634
1.68728
1.35433
-1.01261
-0.0419851
0.904041
0.485015
0.0383489
-2.2554
0.744224
0.354196
0.0278285
0.770429
0.172301
-0.508225
0.981311
0.707595
3.06538
0.346232
-0.230031
1.11901
0.843716
-1.96913
0.664319
0.326974
-1.93871
1.37996
-1.22392
0.665256
1.60053
-1.60835
-1.98366
-0.463732
-0.317744
-1.16341
0.808164
1.12567
0.410985
-0.345244
-1.31455
0.163461
1.66972
0.212643
0.790693
-2.60583
2.01245
-0.634069
-1.12207
-1.27484
0.44858
-0.563318
1.09536
0.963501
-1.08928
-1.19188
0.506433
-0.706769
-0.267421
0.157958
-2.24725
-0.287617
0.0137343
0.409743
-0.3521
1.50174
1.35807
0.0970938
-1.00357
-0.559954
1.59354
0.0772002
0.949718
-0.0672537
-0.683955
0.615469
2.24251
0.21529
-1.65749
0.31521
0.676417
0.956993
1.29394
0.668353
-1.31749
-2.50732
0.781008
0.198145
0.700774
-0.580365
0.714654
0.781186
-1.51833
0.159607
-1.49304
1.43261
-1.48932
1.46884
0.957008
0.431232
0.82333
1.62543
-1.02887
0.996252
-0.635561
0.340165
2.70731
1.32393
-0.209925
-1.35577
-0.442286
-0.883035
3.08608
0.855924
1.51699
-0.88535
0.283056
0.102199
0.711325
-1.66749
-1.84811
-0.873178
0.0299696
-0.751475
0.273467
0.331639
0.210209
1.80877
0.616613
0.544431
0.261431
1.17708
-0.149019
-0.0598341
-1.96373
0.619346
0.368287
-3.10621
0.559014
1.62799
-0.733546
-0.195273
-0.985974
-0.150321
-1.66378
-1.61735
0.581519
-0.712257
-1.55551
-0.233202
0.901108
-1.69176
-1.02274
0.0231801
-0.049612
-1.29063
-0.213194
0.296806
1.31333
-1.44217
0.986665
-0.866848
-0.741336
-2.48894
-0.841986
-1.76082
1.44066
-1.2981
1.06302
-0.5679
-2.21529
-0.150788
-0.141442
-0.191809
0.526996
1.22199
-0.210118
0.46066
1.06724
-0.474057
-0.517149
-0.465289
0.909543
-0.459172
0.899556
1.60195
-0.664342
1.14091
-0.610103
0.342899
-1.21158
1.52344
2.87208
1.71517
0.464488
1.29628
-0.088826
-0.129761
-0.0531624
-0.924985
-0.394332
-0.518552
1.1721
0.38288
-0.084126
-0.674639
1.04163
-1.6037
-1.22501
0.0526856
-1.35733
-2.19501
1.57169
-1.16038
-1.02517
-2.09715
0.0415423
-1.09893
0.318766
1.33119
-0.723429
-1.26036
0.270046
0.445649
0.0126984
-1.70506
0.565139
0.331895
1.34462
0.744776
1.05595
0.334195
0.967635
1.14567
-1.32887
-1.26659
-0.0941303
-0.346427
-0.163664
2.21485
0.383013
0.602041
2.43728
-0.212345
-0.0394657
1.38728
2.10386
-0.998091
-0.906926
1.09352
-0.582301
1.74457
-0.997171
0.677063
-2.95294
-1.95928
-0.13999
0.529012
-1.46197
-0.168361
-0.239327
-0.938141
-1.02838
-2.24264
-1.1726
0.556374
-1.71261
0.922859
-0.786997
-1.70242
-0.316168
-0.754983
-0.448143
0.802244
1.05729
0.811055
0.884376
-0.69659
-0.984273
0.061751
0.667015
-0.51059
0.384379
-1.28568
0.551933
-0.476536
0.421741
0.96194
-0.344254
0.269255
0.793482
0.504177
0.727927
1.34921
-0.00154933
-0.146442
0.356802
0.958312
-0.578815
-0.539421
0.8932
-2.68374
-0.576082
-1.70427
-1.26438
-0.52418
-0.00370038
0.368117
1.33586
-0.563536
1.06401
-0.650141
-0.703516
0.532126
-0.427395
0.148938
-0.319642
0.592037
0.767445
2.00452
0.612957
0.229797
0.62007
0.993107
0.907928
2.08087
0.50345
0.0393741
0.226351
-0.562325
2.34895
-1.57515
-0.252471
-0.745066
-0.610019
-0.615078
-0.644908
-0.721535
0.466871
-1.20782
0.998787
1.39769
-0.819601
1.04633
1.03759
0.238512
-0.875428
0.553585
0.476617
-1.15735
-0.704184
-0.534981
-0.797572
0.314162
-0.540066
0.699633
-0.810705
-0.623167
-0.391741
0.876961
0.103132
-1.0154
1.71982
1.06538
0.886542
-0.661021
-1.01363
0.060127
-1.19432
0.0768913
0.659045
1.49085
1.7621
-0.720751
-1.13413
0.233582
-0.329637
-1.4923
0.587606
1.99337
0.766608
-0.00466155
-2.27565
0.692967
-0.202603
-1.73836
0.95035
-1.11249
1.27973
0.233209
-0.324182
-1.21446
-0.741588
0.00610147
-0.469502
-0.434887
-2.99442
-0.37923
1.18188
1.44951
0.607382
0.928943
0.971813
-1.79346
-0.224713
-0.335664
-0.234199
1.6778
1.89801
1.33988
-0.195335
-0.178938
-0.71474
1.14994
2.06441
0.548556
1.4639
0.804895
0.0435675
-0.833465
0.419204
-0.0787472
0.3311
-0.297186
-1.44774
-0.329367
0.816133
-0.543974
-0.398966
-0.891508
1.50451
-0.913682
-0.246423
1.04773
1.56964
1.35907
0.485564
0.0683613
-0.510426
1.27089
0.555841
-0.184279
-0.517963
0.0856542
-0.364747
-0.546635
1.63527
-0.3024
-0.822219
-0.349882
-1.07733
0.163197
1.6208
-1.49964
-0.158155
1.07288
-0.00812089
-0.163552
-0.734734
1.41495
-0.102722
1.3316
-1.42954
0.84711
1.34288
-1.37684
0.0121591
-0.33313
-0.386127
-2.04335
0.40782
-1.04609
-0.306378
0.830991
-0.544033
0.825818
0.926952
-0.687167
2.3812
-0.0548211
-1.64146
0.183664
0.275121
-1.69882
0.513092
-0.427745
0.138892
0.714391
0.549153
2.50504
0.236891
1.76479
-0.217146
-1.00683
0.56177
-1.03395
1.65411
1.26198
1.68783
0.0455485
-1.3845
-0.421176
-1.68874
1.1261
-0.538722
0.0863239
1.33875
0.984375
0.623917
1.46999
1.52145
-0.334727
0.355851
-0.356441
-0.500656
1.59596
-0.0692415
1.48675
-2.37095
-1.17951
-0.525516
-0.140269
-0.907743
-1.25545
1.48048
0.0179747
2.13748
1.62926
0.26015
1.10696
-0.105664
-0.949222
-0.864148
-0.227918
0.0209746
-2.08354
1.71014
-1.34208
-1.94325
-1.1537
0.275858
-0.619324
-0.589426
1.67005
0.442251
1.24464
0.0929288
1.44506
0.162104
-0.429074
-0.465079
-2.09245
1.65022
-1.40167
-0.996956
-1.05496
1.26831
0.201385
-0.863842
0.373111
-0.254098
-0.704604
-0.382693
-1.20243
0.5363
-1.34743
0.864192
1.633
1.88749
-0.4508
0.00914292
0.944754
1.35364
0.632046
0.0894417
-1.77946
-1.89345
-1.24364
-0.689165
-2.18342
-0.593494
-0.821525
0.986102
-0.428061
0.615619
0.0727761
-0.00823883
1.20442
-0.306971
-1.14968
-0.49914
-1.32516
1.43369
-0.636899
1.10154
-2.80148
0.859888
-0.166809
-0.483313
1.08259
1.16723
-0.419463
-1.16717
-1.19285
-0.720991
0.273224
0.672868
-0.0431993
0.181076
1.30507
1.25061
0.339359
0.367565
-0.586476
0.931264
0.589521
2.06557
1.97918
0.960957
-2.03739
0.913687
0.247529
0.555014
-0.191054
-1.00948
-0.210584
0.373428
1.60935
-0.538552
0.323458
-1.75928
-0.829608
0.508168
1.14493
0.734951
0.886469
-0.775607
0.0335351
1.59414
-0.381207
1.1365
-0.703372
-1.09213
-0.16177
-0.760822
-0.587044
-0.0643222
-0.0795925
-1.30578
-0.358273
-1.2966
0.967423
1.81804
-0.87282
0.14235
0.296006
2.424
0.75105
-0.337467
1.31857
-0.312705
-0.874804
1.79178
0.0833377
0.893509
-0.200227
-0.0310248
-0.560453
-0.623925
-0.335597
-0.972915
0.756921
0.0696719
-0.522544
1.00795
0.16644
2.14691
-0.661417
0.183115
-2.31936
1.11571
-1.40846
1.30725
0.879189
1.34914
0.350917
-0.4151
1.12259
0.185861
-0.341442
-0.344149
0.339202
0.119208
0.0838812
0.0499629
-0.0514736
-0.169377
-2.13185
-0.926644
0.137382
-1.55757
-0.719426
-0.766566
-1.77816
-0.172579
0.903024
-1.25304
0.924144
0.239363
-0.0932653
0.355869
1.41111
0.112421
-0.566213
0.71763
-0.417216
0.929779
2.84113
-0.751093
0.888929
0.169467
0.357761
0.270903
-0.65222
-0.71813
0.278388
0.248111
1.12253
1.32798
-0.975115
-0.00391267
-1.24434
-1.16801
-0.712612
0.0950549
0.663805
-0.185776
2.01132
1.2944
-0.0653552
-0.99228
1.16691
-0.943587
0.0742617
2.04944
0.34205
0.411832
0.239903
-0.678133
-0.644329
-0.186301
-0.950511
-0.985676
-0.31527
-0.00896496
-0.954805
0.556805
-1.4848
0.526408
-0.984428
1.71318
-0.551574
-0.123006
-1.0771
0.729079
-0.563183
0.357079
0.193681
-0.0306143
-0.916445
-0.00599511
0.0541905
-0.0229108
-1.04609
2.14794
2.40194
0.441083
0.272382
0.610291
0.0220388
-0.554091
-0.960076
-0.374029
-1.00228
-1.4386
0.179989
1.10979
0.392739
0.806337
-1.43771
-0.0872363
-0.95763
0.280592
-0.0582885
2.28492
0.158449
-0.175789
0.166748
1.20627
1.27278
0.834568
-0.917946
-0.840661
0.358871
0.299401
-0.159686
-0.502252
-0.0015423
0.62971
0.739888
1.36051
-0.122255
1.37193
0.803329
0.885498
-0.0963199
0.399956
0.360247
0.271497
-0.116985
1.11328
-0.128509
-0.643926
-0.670339
1.31224
-1.76793
1.64962
-1.75304
0.53075
0.633868
-1.99807
0.183963
0.1027
0.157573
-0.14674
-0.145205
1.52963
-0.406477
0.0819545
-1.12911
1.02126
0.452939
0.753907
0.194529
0.955952
-0.570013
0.48584
0.0282739
1.31675
0.940997
1.17571
1.29647
0.914058
-0.750331
0.525722
-0.491212
-0.71683
1.58862
0.381807
0.133549
0.383937
0.094426
-1.49723
0.151997
0.785341
-1.10246
-0.899495
2.12512
-0.240859
0.28932
2.05623
-0.494197
-0.348285
0.143017
-0.919295
-0.0946593
2.21786
-0.461567
0.344065
-2.25125
-1.34513
-0.785784
1.73493
0.652185
-1.3241
0.61507
1.04055
-0.482038
0.597627
-1.4742
-0.103538
-0.582456
2.30604
0.436063
-1.02758
-0.55929
0.468539
1.12676
-1.42512
0.58299
-0.357628
-1.95104
-0.0569478
-0.567649
0.926073
-0.877503
0.0434205
-0.611222
-1.55412
-0.3177
-0.208399
-0.87831
-0.941924
0.303078
0.552121
-0.49268
0.136806
-0.0645817
0.106389
-2.04397
0.386287
-0.328043
-0.429124
-1.35019
-0.383327
-1.21362
0.327844
-0.245372
0.720499
0.0771047
0.735783
0.0110157
-1.25017
0.621104
0.115186
0.534949
1.04868
0.252088
-0.0434977
0.0695649
-0.332109
1.03196
0.277705
1.71361
0.721958
-1.00416
0.182711
-0.868698
2.22654
0.402802
-0.545374
-0.44911
-0.0431967
0.11974
-0.0188678
0.258143
-0.235972
-0.901146
-2.11244
-0.713456
-0.513721
0.653914
-0.20228
0.139927
1.12811
-0.196354
-0.907687
-0.457455
-1.30659
-0.018273
1.34566
0.65904
-2.20454
1.31585
-0.877467
-0.557053
0.327427
-1.93464
1.16557
-0.958014
2.17836
-2.44453
0.597641
0.597145
-1.99251
-1.85552
0.863754
0.320403
2.05969
-0.316065
0.0442661
0.744906
-1.38791
0.460414
0.254763
-0.0302732
0.453122
-1.46686
1.04775
-0.184308
1.34251
0.164012
0.833103
-0.682543
-0.00435736
-0.933081
-0.480682
0.266211
-0.158295
2.6775
0.0773794
1.33895
0.854555
-1.12685
-0.350602
1.18536
0.79836
-0.71283
0.92276
-1.90368
-0.0333823
-0.223189
1.33215
0.691461
-0.0855341
0.401315
0.57125
-0.977202
0.326092
-0.278662
-0.0234359
-0.276172
-0.233619
-0.160419
-0.976735
0.23003
0.608332
0.772296
-0.181671
1.37866
3.42881
0.0106104
-2.01281
1.04131
-1.00621
-0.0205211
-0.202414
-0.0185427
0.176544
0.323331
-0.827788
1.35798
-0.666484
-0.997969
0.413048
0.502799
-0.429745
1.57781
-0.555756
-0.756657
1.96745
-0.395902
0.421643
-0.923399
-0.91066
-0.269421
0.621511
-0.087014
0.437214
1.34436
-1.0074
-0.321237
0.600012
-0.791538
-0.596784
-0.983097
0.398645
2.11028
1.81838
-0.893721
-0.792719
1.24586
-0.682911
0.24248
0.720387
-1.39398
0.94156
-1.08857
0.63626
0.191257
-0.928384
0.0915678
0.828023
-0.509931
-1.92058
0.173019
2.41465
0.570713
-1.21052
-0.713863
-0.432874
0.904836
-0.463803
0.092091
0.0859919
-0.260694
-1.5343
-1.73061
-1.72263
-1.05753
1.47294
1.25518
-0.5629
-1.50239
-0.0115365
-1.32097
2.17177
-0.792046
-0.904625
-0.819123
-0.580153
0.346118
-0.243641
1.49458
0.0324365
2.13942
1.29378
0.485816
0.207174
1.60985
-0.498147
-1.13851
-1.12064
0.549418
-1.63602
0.270349
0.370658
-2.16473
-0.0269586
-0.389625
-0.517992
-0.0180749
1.77943
-0.385342
0.13422
0.29728
-0.172176
-0.570197
0.450922
-0.822588
-0.369379
-1.14313
-0.43225
-1.15804
0.0719691
-1.18652
0.285524
-0.57508
0.270569
-1.26045
1.38428
-0.595962
1.07465
0.702497
-1.73606
0.703944
-0.0757282
-0.866638
-1.17946
-1.59358
-0.876393
-0.969361
-0.774194
-1.71017
-0.573519
1.74147
2.03196
0.339893
1.33432
0.589479
0.916823
-1.53605
0.449512
-0.185498
-0.153187
-0.180738
0.264733
-1.9837
0.621929
0.381001
-0.489754
-0.671937
0.306456
-0.140053
-0.409937
0.911498
-0.268507
0.773699
-0.325182
-0.773394
-0.310082
-0.922027
-0.776798
-1.0645
1.25755
-0.374262
-0.648479
0.147984
-2.17723
-0.634054
0.301563
-0.186927
0.0700525
0.717871
-1.18288
1.33747
0.690483
-0.273122
0.627232
0.7515
1.39563
0.293058
-1.15591
-1.28088
0.213964
0.584451
0.466398
-0.748034
0.607345
0.666593
1.41893
-0.108988
-0.239095
-1.2452
1.30483
0.310177
-2.19858
-1.82867
0.627988
0.730027
-0.570485
0.91832
0.21143
1.32751
-0.746506
-0.492097
-0.606258
-0.748711
1.11565
0.604655
0.278101
-0.793234
-1.92022
-0.574319
-1.29326
1.21268
-0.859836
-1.74239
-0.375572
-1.36901
-0.130584
0.37021
-0.347388
0.884872
-1.67099
-0.287242
-0.130709
-0.509556
0.401008
0.805438
-3.24025
-0.190234
-0.24499
0.920376
1.72319
0.725359
-0.852661
-0.124572
0.653189
-0.43412
0.399688
2.48725
1.12674
-0.0635207
-0.703116
1.64511
0.292715
2.70452
-0.67661
1.4936
-0.703953
-0.436175
-0.291422
1.19285
1.99089
-0.147968
0.571376
-0.0789017
1.04293
-0.771481
0.162392
-1.04081
-0.339204
1.6951
-0.172906
1.30718
-1.75852
-0.185631
2.02193
0.9011
-0.262697
-0.116682
1.75617
0.17194
1.75051
0.559788
-0.0704449
1.86663
-0.634485
0.939634
0.580783
0.410095
0.278899
1.01725
0.389845
0.357079
0.0250275
0.821046
1.66798
-1.47051
-1.08496
-0.584834
-0.197844
-1.72541
-1.50484
0.796673
3.04346
0.208908
-0.365122
0.642681
1.20191
-1.531
-0.505519
1.00336
-0.299564
-0.426461
0.0874953
-1.57644
0.805046
1.0336
-0.418126
-0.613831
-0.470124
0.646231
0.156831
-0.567526
0.0481406
-1.86691
0.659244
-1.14233
0.312485
-0.778474
-1.48168
-0.449804
-1.65313
0.554852
-0.785419
0.498121
-1.22369
0.717423
-1.32381
-0.205163
-0.81153
0.00279655
-0.503539
1.95303
0.823542
0.215883
1.28707
1.09425
1.35518
-0.345971
0.652124
-0.956074
0.694623
0.0654537
0.646723
-0.110805
0.316857
0.345678
0.92284
0.312087
2.42053
0.714316
0.217124
-0.557137
1.37492
1.04437
0.128346
1.99868
0.938606
1.33967
0.00862798
-1.54719
0.755063
-0.596866
2.5326
0.526818
0.167694
-0.580563
-1.35145
0.0437631
-0.438354
-0.359946
1.27004
0.399311
1.13698
0.131672
-1.5299
0.43733
0.111224
-0.879222
1.63599
-0.530881
-0.178357
-0.440673
-1.12143
-0.659921
0.491309
0.0838011
-0.950192
0.364875
-1.02671
-0.0263651
-0.955288
-1.00262
-0.788172
-0.428532
0.969594
-0.19464
0.312781
-0.579173
-0.529388
0.794208
1.27181
-1.06142
-0.156913
0.63006
2.07247
-1.48364
0.541234
0.638232
0.0120768
-0.0772428
0.991768
-0.902081
-0.0817913
0.798457
1.15698
0.0756605
-0.380478
-1.38547
-0.574503
0.129589
0.249633
-0.125895
-0.358113
0.133901
0.165241
0.63819
-2.0325
-2.23017
0.3801
-0.161254
0.319514
-0.0401883
0.209103
-0.703201
-0.580587
-0.8956
-0.0715113
-0.914512
0.279499
1.5979
-1.50233
0.198526
1.06581
1.94297
-0.322872
-0.384795
1.07187
0.430642
0.73074
-0.900303
1.34426
0.345031
1.54291
0.192118
-1.63532
-2.33179
0.0179508
-0.373885
0.23025
2.94689
1.56676
1.44468
1.48231
1.08118
1.22532
0.615037
0.124094
1.06727
-0.141136
-1.34433
-0.731172
-0.0324089
0.114043
0.875698
-1.05859
0.22889
-0.188914
1.55386
-0.323789
1.21788
0.130547
0.577194
0.746618
-0.242229
-1.39764
0.690309
1.6199
-1.74693
0.516243
0.460585
-0.0760152
0.938387
-0.78242
-0.421056
-0.118013
-0.637571
-1.05515
-0.549229
1.36042
1.50735
1.29138
0.106111
0.529418
0.24291
0.929297
-0.0932613
-0.558727
0.578067
0.133355
-0.562157
-1.09105
0.567504
0.82156
-0.123765
0.726053
0.800225
1.13137
-2.14895
-1.47152
0.447098
-0.930999
0.351521
0.477279
-0.559756
0.669936
0.661204
-0.785827
1.49529
-0.23292
-0.184434
0.903986
1.89958
0.942681
-1.48878
0.997036
2.14446
1.42935
0.802641
0.587017
1.84333
-1.00662
-0.17813
-0.0395343
0.764321
-0.351023
-0.542914
1.30036
-0.752176
0.367818
-0.361378
0.224325
-0.090864
1.19723
0.690928
1.21785
-0.800491
1.21998
-1.83972
-1.75216
-0.738225
1.68719
-1.09648
2.55053
0.646921
0.0601582
-0.854234
-2.4892
-0.103383
0.225614
0.581591
-2.08404
1.35478
-1.10919
-0.454987
-0.268819
0.0984638
-0.251063
-1.26115
-2.8555
0.57569
0.430149
1.18842
-0.0533719
-0.318597
0.038462
1.57779
1.25513
0.226496
-1.1188
0.930658
0.566827
-0.219464
1.47969
0.973005
0.132184
-0.299031
-1.82862
-0.908262
-0.0130958
2.27353
0.522572
1.47164
0.168565
0.973962
-2.14025
0.984553
0.207936
0.155489
-0.731104
0.333023
-0.597397
0.657724
0.816018
1.11866
1.89272
-0.264988
-0.439125
0.271013
-0.344066
-0.399127
-0.184053
-1.17884
-1.09834
-0.550813
-0.0963332
-0.899109
0.29523
0.136346
0.577102
-1.51984
-1.19901
0.328355
1.80217
-0.0245894
0.89685
2.01072
-1.11255
1.70578
-0.980971
0.266419
-0.0458159
1.0609
0.681077
0.92131
-0.334297
0.246976
0.306916
-0.447904
1.67663
-1.9305
-1.68021
-0.496171
-1.58604
-1.62158
0.503765
0.532889
-0.437079
0.723574
-0.957053
0.395943
0.317698
0.263376
-0.692296
-0.324192
0.847284
-0.133935
1.61797
0.885632
0.0617096
-1.32421
1.7911
-0.362073
0.765346
-0.289015
0.695407
-1.03885
-0.969234
-0.79337
-0.40443
0.869112
-0.720004
0.594206
-1.25195
0.436154
0.876786
3.25741
-1.47947
-0.990208
-0.170911
0.750266
0.426147
0.0130679
0.779632
-0.322602
-0.257477
0.973585
-1.16166
1.39829
-1.48898
-1.90866
0.583513
0.501003
0.189798
-0.74979
0.503959
-0.498523
-0.988125
-0.171104
1.36501
0.994868
-1.16158
0.0671932
-0.770132
2.44968
-0.489438
1.04663
-0.514534
0.114106
0.663009
0.134786
-0.548273
0.199113
-2.36274
-1.47
-1.3323
-2.07039
-1.40497
0.406507
-1.41581
1.47798
1.24483
1.31912
0.379418
1.17234
1.50106
0.196395
-1.96557
0.92078
-0.233109
0.38838
0.671843
-0.373232
0.75458
-0.931592
-0.890336
0.492534
-0.41358
0.440512
0.879656
0.528628
-0.0725003
0.729735
1.10703
-0.188001
-0.647975
0.358785
0.283609
1.15071
1.17276
-0.730161
1.46934
-0.464095
-1.27979
-0.732708
0.465382
-0.523589
-0.208998
-1.36553
0.0633405
0.217024
-1.13588
0.824195
-1.4803
0.761787
1.65946
-0.753666
-0.744596
1.75824
0.558029
2.27691
-0.544221
-0.977101
-0.876803
-0.24957
-0.618708
-0.719233
-0.560927
1.44619
-0.766844
-0.417516
0.444135
1.08009
2.68633
-0.116338
1.92664
-2.26101
0.146217
0.58055
0.468903
1.41876
-0.00917901
0.779459
-0.34978
0.57456
-0.644825
-1.54725
-1.1349
-1.47808
-0.119313
0.258867
-0.147681
0.170877
-1.72987
-0.301417
-0.923012
0.343865
0.103178
-0.357128
-0.655194
-1.32731
-0.681029
-0.00248947
1.03392
-0.260124
-1.80203
0.0590921
0.717807
1.9665
-1.63479
0.0318734
0.640493
0.172248
-0.746903
0.665233
-0.912585
0.445322
1.8364
-0.43424
1.33281
-1.22792
1.12598
1.31463
0.284931
0.0825562
-0.379886
0.898341
0.17551
1.76618
1.21825
-1.66791
0.83045
-0.260567
0.64965
-1.9701
1.06809
0.753905
0.655017
-0.00289393
-1.28501
-1.19322
1.24547
-1.30271
0.755642
0.271434
1.14884
-0.99017
1.73674
0.0276043
0.656659
1.20927
0.727032
0.210421
-0.177563
2.05248
-0.0946939
-0.537951
0.701932
-0.29314
-0.373641
-0.254934
-0.688465
-0.926771
0.290063
-0.762334
-1.85976
-0.777543
0.491443
-0.652386
-0.252062
-0.694789
-0.325505
0.50037
1.15419
-1.13648
-0.122175
-0.247337
-0.129023
-0.0919218
-0.935111
1.93409
0.317672
1.21406
0.246237
-1.57337
0.37453
-1.31016
0.418736
2.10582
1.71153
-0.204227
1.05156
-0.491818
-0.203728
-0.0517474
-0.164956
1.88896
0.779573
0.185308
0.108978
-2.57495
-0.712906
0.129442
0.11853
-0.991391
1.35775
-0.253924
-0.625213
1.1997
0.987835
-0.93578
0.311976
-0.507321
0.638771
-1.50505
1.17308
-0.3982
-1.08722
1.58797
1.2342
1.19098
0.976595
-1.63418
-0.934023
-0.696278
1.10024
0.0239563
-0.163986
-0.55574
-1.50114
-0.112239
0.63508
0.82211
-0.383657
-0.530194
2.44936
0.15602
-0.186683
-0.085282
1.30162
-0.701095
-0.235425
0.736786
-2.11113
0.256042
1.24318
0.677344
-1.10857
0.0218801
1.39888
-0.419935
0.0484542
0.629402
-1.63999
-1.17416
0.355387
-1.27255
-0.808343
-1.36133
0.883571
-0.845367
-0.739337
0.895745
-0.0798378
-1.68692
0.498596
0.711214
-0.113818
0.872357
0.733992
-2.5125
-0.638929
0.254759
-0.956467
-0.945055
0.514492
0.234914
-0.188103
0.380641
-0.0951025
-1.93104
1.10765
-1.24508
-0.234295
-1.62727
1.97314
-0.00451613
1.27641
-1.26877
1.21315
0.557283
-0.933672
-0.894112
0.0739399
-0.631963
0.2389
-0.537202
0.601472
-0.590383
-0.297802
-1.31344
-1.37177
1.20571
0.185688
-0.740715
0.186919
-1.54576
-0.29287
1.02701
0.96306
0.0727078
0.315015
0.119602
0.12019
0.331702
1.25184
0.0857104
-0.464949
0.154982
0.483115
-0.562936
1.26258
0.69982
0.652174
0.193916
0.912696
-0.743401
-0.150053
0.283789
-1.60234
1.84339
0.716186
-0.947796
1.41554
-0.21796
0.129511
1.08321
-0.90939
-0.502699
0.0186584
-1.63181
0.120991
0.325691
1.08025
-0.117601
-1.24603
-1.00687
-0.483163
-1.53293
-0.400028
1.52867
0.0155239
1.83984
0.488115
0.567599
-0.663107
0.297347
0.0642452
1.61518
0.807694
0.108047
1.42701
-0.85734
0.527696
0.167663
0.934889
2.26459
0.0771272
-2.3235
0.0702613
0.455434
-0.833983
0.149693
-1.58672
-0.248082
0.48727
1.01135
0.82247
-1.42955
-0.427395
-0.552203
-0.84701
-0.401687
0.424351
-1.55753
-0.570493
-0.730209
-0.50848
0.281292
1.01412
0.137618
-0.0733102
-0.574615
0.604415
-0.345985
2.60917
-0.628154
-1.20676
1.21271
0.278422
0.0512038
-0.905895
-1.57423
0.210403
-2.13793
0.46666
0.295544
0.887833
-1.10581
1.48506
0.0410372
-0.594734
0.639539
-0.928716
0.278105
1.39147
-2.03146
-0.915052
-0.743523
0.730823
0.00165162
-0.901498
1.34491
1.40594
-0.390459
-1.71611
-0.099901
0.609879
2.04946
1.24072
1.9208
-0.353211
0.757461
0.787487
-0.421814
-0.364975
1.09023
0.570567
0.514324
0.65818
0.30373
-1.25874
0.799077
0.643682
-0.0695177
-0.513993
0.333093
0.86853
-0.181817
-1.91058
-0.437543
-1.1645
0.359129
0.44858
0.040001
0.425326
0.365187
0.194887
-1.18798
1.05912
0.383424
-0.40764
0.356495
1.58234
3.0922
-2.40103
-0.188414
-0.338741
-0.0346538
-1.26602
-1.04264
-2.21602
-0.310352
0.360819
0.246828
0.463966
0.0475213
-0.348341
0.321248
-0.21683
0.591877
-0.0689886
0.984054
-0.0716022
-0.082728
-0.825752
-1.9281
0.130167
-1.7875
0.384221
-1.66222
1.03686
0.782731
0.533509
-0.72973
1.31475
0.849892
-1.82286
0.250137
1.63322
1.00032
-1.39326
0.363871
-0.333218
-0.279715
-0.846363
0.51897
1.16351
0.182714
1.19992
0.299631
1.07135
-1.06997
-1.18877
-0.37175
-0.013169
1.41344
1.02615
0.148262
-0.745119
0.229077
-0.921708
0.340368
-0.436495
0.614957
-0.205071
1.53301
2.5904
1.11382
0.924706
-0.650406
-1.13137
-0.199677
-0.949925
0.59607
-2.43332
0.0351146
-0.570905
-1.01232
0.321094
0.444436
-0.00769858
-0.595153
0.669895
0.419312
0.592554
-0.490532
-1.16288
0.939773
0.761496
0.814077
0.630073
0.341554
0.366264
-1.591
0.719886
0.113337
-0.434709
0.748177
0.982241
0.452331
1.06392
0.22517
1.27747
0.432391
2.35414
0.510853
0.219757
-0.747845
0.472222
0.365671
-0.00283362
1.3765
0.841182
0.143367
-1.53138
-0.314973
0.106353
-0.717784
1.03804
2.29275
-1.14507
2.46139
2.09727
-0.383133
0.800926
1.1479
-1.15571
-0.734037
-2.27069
-0.246856
0.379258
-1.31094
1.29318
0.208486
-0.495775
1.29558
-1.92303
1.91913
0.686911
-0.116747
1.30594
0.425382
-1.62265
-1.65497
1.73271
-1.46723
0.775267
1.15955
-1.29168
2.20393
-0.408616
0.190926
-0.945105
1.24731
-0.221265
-0.35028
-1.35982
0.5185
-0.0595892
0.387644
0.0755799
1.99282
-1.12321
-1.65845
-1.27419
0.247665
0.467925
-0.190547
-0.985299
1.30927
1.00096
0.043431
-0.0973271
-0.196399
-0.166283
0.725074
-0.0972798
1.66332
0.113992
2.04032
-1.62393
0.241318
-0.640318
-1.05512
-1.07784
0.359941
0.396465
0.160359
-0.32518
0.665989
-0.381952
-1.88967
0.691524
1.58267
1.4003
-0.943954
-0.575737
1.14355
-0.250668
-0.692549
0.0968438
-0.475626
0.282004
-0.1411
-0.407339
1.33809
-0.882353
0.903401
-0.361695
1.41811
0.494569
0.839707
-0.564434
0.23415
0.172115
1.04257
-0.281934
-0.813901
-0.754235
0.482547
-0.800718
-2.41141
-1.47217
0.625684
-0.720643
0.71596
-0.0994224
0.171896
0.409569
-0.0652855
0.641154
-1.10159
-1.45939
0.788496
-0.339182
0.00159531
-1.44266
1.74184
0.326956
0.694522
-1.32685
1.67525
-1.02146
0.325655
1.39224
1.6088
-1.29273
-1.41054
0.180715
0.801514
-0.461762
-0.0951676
-0.446057
-0.00584425
0.208525
0.293768
-0.793485
-0.0748178
0.811884
0.338546
1.02577
0.320885
-2.67938
2.14371
0.645719
0.965092
-0.271851
0.150517
-1.08417
-0.595121
1.53984
0.598079
-1.53862
-0.231597
-0.262135
-0.385463
0.918325
-0.260421
-0.627443
-0.352963
0.294148
1.40455
1.76977
-1.4421
0.635413
1.44321
0.20474
0.247997
-0.140517
1.37606
1.81712
-1.61639
2.07712
-0.147926
0.893243
-0.412261
0.642791
-0.430945
1.75279
-0.952311
0.223856
-0.256771
-0.282776
0.523731
1.71152
1.30219
-0.220597
2.03431
0.340348
1.15147
0.654777
-0.598871
2.3269
0.939498
0.507851
0.965183
0.349414
1.942
-0.822036
0.162501
0.439251
0.242091
0.288099
1.04011
0.830323
-2.09746
0.261079
-1.41027
-0.901426
-0.435116
-0.449699
-1.24205
0.147374
1.00025
-0.248322
2.11865
0.614432
-2.05437
-1.46696
-1.21666
1.19942
-0.721865
-0.384403
-0.499733
1.2847
2.09195
-0.814122
1.65746
0.267432
-0.365513
-0.219853
-2.03329
-2.30401
2.07437
-0.083558
-1.42494
-0.561452
-1.11197
0.37651
0.480358
-1.75974
2.39218
0.12351
0.166827
0.00939746
-1.1134
-0.254996
0.188279
0.756353
-1.6716
-1.01882
-0.175683
0.888806
-0.557007
-0.51729
-0.497973
1.01854
1.70729
-1.07031
1.1825
1.65856
-0.254453
-0.0710977
1.03406
-1.09498
0.997243
-0.0863982
-0.132675
0.595448
0.930226
-1.58911
-0.509959
0.0561415
0.168759
1.79004
-0.727458
1.34709
-1.01076
1.36279
-0.235131
0.673837
0.594143
0.272781
-1.16208
0.992257
2.43145
-0.334057
-0.626518
0.326639
0.198484
-0.1164
0.533565
1.59397
-0.661719
0.502401
0.693524
1.0672
1.12387
1.18171
-0.197076
-0.0804103
0.328088
0.66686
0.351745
-0.717561
0.593537
1.20565
-1.68862
1.61272
2.01023
-0.578592
-1.43195
0.111446
0.172033
-0.763966
-0.266272
-0.771326
2.12403
-0.395196
0.370384
0.0247674
-0.680757
0.737002
-0.574069
-0.906569
-1.59574
0.308338
-0.328221
0.1951
-0.0334376
0.376161
0.420884
-0.152767
-0.911907
-0.211408
-0.28521
-0.462
-0.127688
0.594613
0.404095
-0.977422
-0.0640686
-0.460709
-0.956691
0.0112422
-2.19655
-0.740757
-0.550089
-0.963004
-0.0300605
0.0977759
0.84898
0.54873
-0.33257
0.431303
-0.503439
-0.468977
0.804953
0.564241
0.312333
1.38043
-0.891762
0.626704
-0.186435
0.439573
0.519538
-0.570612
-0.102579
-0.461242
-0.306772
-0.398823
1.25195
0.59728
-0.742398
0.294183
-0.69242
-1.36369
-0.170697
-1.18061
-1.85617
0.428296
0.331091
-0.313235
-0.713285
1.54392
0.173712
1.3149
-0.624749
1.19655
0.24348
-0.401301
1.95412
-2.10473
-0.146872
0.401962
-0.51712
0.37613
1.26986
-0.586464
-0.841588
-0.129374
-1.07177
-0.44759
0.553937
-0.636781
-1.16538
-0.969566
-0.0670158
-0.802285
-0.529022
1.39504
0.160861
-1.53091
1.23331
-0.975859
-0.625632
-1.10047
-0.921813
0.843855
-0.142503
0.916031
1.04496
0.223378
0.580879
-1.36972
-1.62512
1.0601
-0.693187
1.21485
-0.770884
0.0056659
0.544003
0.229347
-1.40005
-0.940347
1.05494
0.0392131
1.36924
0.210544
0.684685
1.95671
-1.13877
-0.828206
-1.15097
0.289546
-1.62933
-0.234916
-1.02795
-0.465758
-1.19588
-0.23333
-0.360405
-0.113767
-0.616351
1.20546
-1.50381
2.0421
0.909521
0.274417
-0.315478
-0.518928
0.120399
-2.11915
1.94605
1.33552
-0.343739
0.477723
-1.05249
-1.67164
-1.70221
-0.646178
-0.153774
0.141339
-1.62087
0.215862
-0.217033
-1.43715
1.49011
0.177663
1.28049
0.246545
0.252881
-0.611672
0.300223
-0.383405
1.6882
-0.0241491
0.669242
0.396531
0.158213
0.662868
-1.03778
-2.4568
-1.68951
-0.969624
-1.42869
1.2344
1.14482
-0.586643
1.52242
-0.241597
2.79921
0.114999
-0.538519
-0.282279
-0.0064945
-0.303583
-2.49824
0.692773
0.18124
-0.377731
-0.0384863
-0.401545
0.61681
-0.68935
0.276826
0.761482
-0.488304
-2.37038
-0.469367
0.436779
-0.678923
-0.16337
-1.79083
-0.674388
-0.417664
-0.273286
1.16686
0.80727
0.399807
-0.133702
-0.292573
-0.72929
0.0354222
-0.810019
-1.88383
-0.498205
1.87814
1.17349
0.145647
0.545051
0.0552737
-1.58498
-0.342538
-1.1345
0.173688
-0.439416
0.0237655
1.96148
0.290262
1.43593
1.48041
-0.875089
-0.238533
-0.0913637
0.322947
0.0403756
-0.259052
0.807231
1.3315
0.275756
-1.435
-0.814621
-0.996411
0.154304
1.13047
-0.0404705
-1.28642
0.946335
-0.0614217
-0.314532
-1.33598
-0.349805
1.05223
0.512454
-1.04175
1.18471
-2.11797
-0.237389
1.17207
-2.00553
0.212702
-0.0635258
0.665151
0.609036
1.22314
1.52567
1.63834
1.38755
-0.709729
0.522427
0.951917
-1.68789
0.26763
-0.551793
0.552954
-1.65538
-0.997812
-0.217001
1.40428
-0.596278
0.359043
0.28491
-1.10491
1.14626
0.635408
0.97675
0.0280897
0.11881
-0.524964
0.585993
-0.0897003
0.605912
-0.167868
-0.441388
1.7968
1.04238
-0.260463
1.90551
0.715037
1.88433
0.981893
0.143629
-0.650624
-0.931126
-0.159957
0.536356
-2.11447
-1.73123
-0.371197
-0.791338
-1.21577
2.46326
0.466437
-1.88292
0.454794
-0.480417
-0.16266
-0.530405
0.594418
1.47284
-0.449317
0.776903
-1.37114
0.594899
-0.184372
-1.17332
-0.12609
1.483
0.500138
0.810703
-1.59048
-1.15943
0.0664191
1.23842
-0.69368
-1.10663
-0.129227
1.15348
-1.4028
-1.20674
0.385916
-0.594888
-0.939101
-0.384727
-1.06396
-0.155901
-0.865367
-0.12527
2.43255
0.367904
0.552363
-1.00878
1.06796
1.15994
1.56484
-0.545689
0.234958
-1.197
-0.220907
0.787571
1.56393
-0.596147
-0.371994
-0.453533
-0.141055
-0.784099
1.94898
-0.369141
-0.971142
-1.2199
-0.595145
-0.401751
0.252441
0.579919
0.401089
-1.06722
0.523042
-0.0539933
0.547103
0.196526
-1.03879
0.677666
-1.50822
0.267146
0.195182
1.05218
-1.68456
-1.17071
1.07308
1.97686
-1.21418
-0.062156
1.03174
-1.11794
0.276595
0.280291
0.950354
-0.179851
0.841627
-0.106302
0.385591
-0.092015
0.990111
-0.94135
0.072004
0.940853
-1.28794
0.0608832
1.65119
1.05562
1.08191
0.163187
0.316085
-1.22749
1.21385
-0.572038
0.0366938
-0.116139
0.540802
0.246767
0.403845
-2.22831
0.5209
0.320718
-1.68076
-0.137701
1.42795
1.26821
0.560761
0.884756
-0.678271
-0.566367
-1.04266
0.47083
-0.19314
-0.365831
-0.4701
-0.00633969
-0.820992
0.667486
0.601099
-0.980166
-0.561037
-0.484611
-1.7459
-0.204007
0.8143
-0.442965
0.542588
-1.39812
1.0643
0.558881
-1.11478
0.692601
1.22125
0.344764
-0.138223
0.0646744
-0.515719
-0.213522
-0.872812
0.75287
0.793402
0.569331
0.143581
-0.303101
0.523187
-0.842086
-1.49277
-0.110043
1.48607
-0.0069457
0.728749
0.929457
-2.22726
0.35836
-0.529907
-0.487886
-1.80739
-3.1836
0.063498
2.3043
2.38389
-0.132134
0.409023
0.271212
0.631671
1.70261
-1.00479
-0.746751
-2.02317
0.39575
0.528187
0.44594
-0.885394
-0.60518
-1.01487
1.12802
1.12108
0.279946
-0.838501
0.645193
-1.48405
-1.09666
0.0395917
0.614404
0.363462
0.910913
1.25751
-1.22766
1.64367
0.297492
0.23022
-0.194783
-0.933585
-0.00942944
-0.968891
-0.618783
-0.613933
-0.242277
-0.407438
-0.0717566
-0.229185
-0.596068
-1.35941
-0.368395
-1.23334
-0.592348
1.76699
0.500765
0.783796
0.310544
-2.22207
0.839698
-0.766405
-2.33067
-0.992024
0.816856
-0.533642
-0.1871
0.324853
1.08113
-0.25472
-0.146186
-1.77871
-0.598552
0.222455
0.64241
0.642125
-2.43887
-0.203703
-0.423379
0.213238
0.810124
-0.250474
1.56811
-1.26512
-0.265965
0.482095
0.525095
-1.25368
2.92482
0.332464
-0.113104
-0.546333
-0.154329
-0.266502
0.281533
-1.30272
0.914308
-0.846419
-0.699329
-0.775008
-0.648946
1.83829
0.165661
0.666461
1.16541
-1.60264
-0.849219
-0.377869
0.207255
-0.697585
-0.837191
-2.46488
1.21654
-1.65069
1.20969
0.65037
0.0301692
0.0648488
0.082915
-1.02089
-1.15264
1.46122
-0.422731
0.724184
0.396658
-0.835525
-1.06472
-0.568389
1.11195
-0.139294
-0.746216
-0.709613
-0.691489
-0.421804
-0.578576
-0.211111
-1.82393
0.422056
-2.90398
0.180543
-1.51581
-1.04492
-0.986244
-0.920924
1.83103
-0.616646
-1.46561
0.167606
-0.30574
0.203774
0.976086
-0.930844
-1.46057
-0.713646
-0.975524
-0.597284
-0.289653
-0.192838
1.4971
-0.442733
1.25254
-0.903037
-0.512065
0.320244
-1.47126
0.209092
-1.08005
0.480315
0.539144
2.34643
-0.290895
-1.73607
1.57204
-1.88386
0.528569
0.0239288
-0.682329
-2.78639
0.4099
0.33815
0.57452
0.571301
0.499159
-0.430914
0.28899
1.35512
-0.805034
0.600215
1.96623
-0.919944
1.43291
0.140506
-1.29859
0.948375
-0.537094
-0.0507565
0.962124
-0.686098
-0.386451
-0.340552
0.879156
-1.53927
-0.0330528
-0.350594
0.151243
2.18038
-0.380877
1.20509
-0.606259
1.79817
-0.211917
1.17293
1.34305
-1.03122
-0.683123
-0.1109
1.13796
0.984052
0.0702246
-0.885688
-0.59473
-1.0773
-1.21323
0.214932
0.298175
0.307459
-2.19169
-2.13365
0.951406
-0.545684
-0.998763
0.266297
0.849899
0.201982
-1.08998
1.08617
-0.884377
1.58037
-1.45867
-1.1595
1.44834
-0.627547
0.867768
1.0402
-0.372969
1.81419
-1.20745
-1.02236
-1.51636
0.734425
-1.01817
-0.0711554
0.697645
0.952276
0.056575
-0.590472
0.527055
-1.38806
-0.889662
1.81219
-0.711012
0.537613
-0.0299124
0.985106
1.13593
-0.627398
-0.381266
0.795175
-1.7465
-1.03014
-1.84465
-0.231606
0.401305
0.108031
-0.462006
-0.74344
-0.451863
-1.03228
-0.970878
1.34175
-0.039268
0.349478
-0.698127
0.70089
-0.333413
1.48441
-0.539317
0.616326
0.188064
-0.0377246
-1.7602
0.0115003
0.381181
-0.506503
2.24059
-0.677641
1.08926
1.01895
0.904695
1.38454
1.20188
1.31814
0.914444
0.279702
1.37926
0.666792
0.849582
-0.640472
0.327759
1.27952
1.01535
-1.25821
0.886695
1.05535
-0.86287
-0.84537
0.43445
0.253522
0.864864
-1.15592
-2.96048
1.0112
-0.54156
-0.3336
0.641203
-0.0789081
0.0561115
2.31298
1.12504
-0.175915
0.192749
1.05673
0.146246
-0.546916
-0.0348737
0.377949
0.4703
0.19217
0.223051
-1.088
0.632475
0.179282
0.183769
0.29425
0.229913
1.38322
-1.21623
-0.711411
-0.358418
-0.403823
-0.351572
-0.323615
0.884273
-1.212
-1.37464
-0.137057
-1.46052
-0.259469
-0.0386547
-1.27103
1.78611
1.02333
1.7405
-3.05683
1.63318
0.0463899
-0.317482
0.894316
1.12156
-0.466311
-1.92282
-0.509138
-0.33171
1.115
1.84124
0.884352
-1.42185
-0.953586
0.136756
-0.981857
-0.707367
-0.0719993
-1.20613
-0.574424
-0.464979
-0.754673
0.0389301
-0.539964
-0.784323
0.921999
0.828871
-0.782235
-0.119184
-0.118321
0.298757
0.499016
-1.17557
1.6115
-1.69436
2.06198
-0.734899
-1.44164
1.11859
1.39872
-0.156735
0.230293
1.14564
-1.81333
0.983731
0.479062
-0.116285
2.57385
-0.804657
-0.926996
0.73461
0.192135
-0.204901
-0.567699
-1.8916
0.395696
-1.41255
0.524126
0.25646
0.581198
1.57459
0.432555
-0.062642
1.43153
-0.617312
-0.290525
-0.0905452
-0.543228
-0.762211
-0.237627
0.236002
-0.395797
0.524682
-0.318454
1.12652
0.846822
0.169653
-0.470721
0.0710555
-0.748367
0.163015
-0.679972
-0.0976504
-0.557438
-2.53171
0.0299516
-1.12663
0.146298
-1.44902
1.17911
0.640103
1.08164
0.893265
-1.15934
0.177651
0.71364
-0.0771492
-0.00082178
-0.344304
-0.227344
0.486921
-1.77166
0.0549026
-0.837494
-0.463587
0.609144
-0.116254
-1.06833
-0.0325064
0.536641
0.00354511
0.760536
-0.470003
-0.949037
1.17458
0.694261
-0.758244
-0.496577
-1.3209
0.570892
1.29021
-0.308156
-1.26656
-0.279118
-0.521093
-0.00029324
-0.55815
0.386494
0.433906
1.1062
-1.11459
-2.75342
-0.687945
1.30996
-0.103929
-1.31379
1.13691
-1.05551
-0.982437
-1.11921
-0.366223
-1.35702
-0.0201129
-1.74726
0.914354
-0.502589
0.139499
0.138716
1.59717
-1.12707
-2.75596
-0.35071
-0.497816
-0.786221
0.756602
0.0533705
-0.234533
0.145011
0.722008
-0.152663
1.06167
-0.174917
0.69712
-0.344017
-1.41288
-1.02068
-0.961582
0.705935
0.600769
-2.37299
0.434893
0.714386
-0.58155
-1.20074
-0.797193
-1.45717
0.721354
-0.0594428
-0.394268
-0.0490003
0.222534
-0.990605
-0.654549
0.980791
0.974538
1.50969
0.0131174
-0.313108
-1.65689
0.116334
-0.913405
-0.607536
-2.00015
-1.25677
-0.199439
1.20858
-0.161388
0.216911
0.389645
0.125019
-0.100061
0.549592
0.989829
-0.177965
-0.268873
0.291069
-1.63671
0.249967
2.64245
0.997047
0.741066
0.539474
0.56573
0.306029
1.29789
0.521868
-1.36005
-1.54341
0.0599743
-0.722882
0.684508
-0.854574
-0.703927
-0.411654
-0.898869
-1.12608
-0.462344
0.917066
0.302733
-0.469533
-0.124531
0.0956479
0.152785
-1.00383
0.366171
-0.133959
0.486022
1.50789
-1.19927
0.00681977
-0.736127
-2.49059
0.870784
-0.648027
0.119195
0.112056
-0.375856
-0.103622
1.55379
-0.23831
0.456295
1.63048
0.734368
0.100393
-0.127163
-0.460569
0.203664
-0.325357
-0.583455
0.874878
-0.663007
0.0269749
-1.47612
0.635858
1.93123
-0.0106006
-0.359967
1.1628
0.185865
0.146039
-0.141159
0.284442
1.01385
1.90988
1.00627
-0.169508
2.09955
0.410906
1.63336
0.355306
-1.12822
-1.0314
1.01077
-0.898478
0.23619
-0.503877
0.0103651
0.994694
-0.683566
0.409718
-1.18844
-0.219874
1.52861
0.476191
-0.129105
-0.65087
-0.154932
0.481527
-0.891416
-0.382572
2.27995
-0.43329
1.18121
-0.589195
1.72082
1.43682
-1.28772
-0.89099
1.11884
0.744664
-0.517167
-1.19045
-1.11915
0.601774
-0.136727
-1.37766
0.101043
0.756694
-0.50191
-1.00117
-0.915933
-0.757937
0.862689
-0.176787
0.195132
0.683709
0.032478
-0.128847
0.210064
0.00467598
1.22616
0.827315
0.717076
0.871588
1.38423
-0.715553
-0.688315
-1.20613
-0.0571262
0.974142
1.922
0.0116382
-0.352817
-1.23252
-0.242593
-1.26074
0.71666
-0.567894
-0.0189205
-0.972546
0.343876
1.30216
0.417287
0.999797
-0.475779
0.25444
0.376354
-0.961628
-0.477031
-1.36247
0.803294
-0.83042
-0.834666
1.68697
-0.644971
0.52559
-1.77455
0.502727
-1.07875
0.188193
0.66264
1.04643
0.307861
1.39357
-0.236694
0.163919
0.204628
-1.01948
-1.65559
-0.30135
-0.479366
2.11948
1.28079
3.38222
-0.706259
-1.36436
-0.492847
0.624831
0.450538
0.226749
-2.29196
2.64579
0.433163
-1.93707
1.13666
-1.92007
-1.54974
-0.243211
-0.141969
-0.443877
0.37888
1.05123
-0.51431
0.450041
0.142895
1.05846
0.852169
1.84517
-0.0126894
0.114156
-0.996543
-1.32875
0.63474
1.27879
-0.172678
-0.102136
-0.225811
-0.643669
-2.5938
-0.338768
-0.960166
-0.0798124
-0.301588
-0.579783
1.63358
2.63999
-0.679924
0.716526
0.318181
-0.552303
-0.00159364
1.52812
0.841759
-0.283935
0.601166
2.01965
-1.32916
-0.647867
2.38053
-0.813977
-0.801594
0.512602
0.0994896
0.0262103
-0.682245
0.171015
-0.212322
-0.116893
0.092443
-0.366599
0.872247
-2.09611
-1.48569
0.573941
-0.0258851
-0.329899
-1.23605
1.02312
-0.153971
-1.05282
0.712488
2.26818
-0.139089
-1.12356
-1.49517
-0.872299
-0.953249
0.249951
-0.352496
0.0880643
-1.99254
-0.228589
-1.34145
0.512379
-0.516956
0.242119
-1.69208
1.28261
0.28583
0.638135
0.941117
0.453656
-0.0467417
1.30936
0.5579
0.750705
1.06453
0.542483
-0.407965
-1.51551
-0.903936
-0.736966
-2.04196
0.578742
-0.45579
-0.875471
-0.652218
1.41153
1.03143
-0.0215816
0.0969612
-0.821422
-0.639751
-0.994197
0.651708
1.33859
-0.0907789
-0.49453
0.163753
-1.8299
0.626837
-0.644261
0.511673
2.02467
-0.593457
-1.53132
0.0274277
0.70889
-0.733569
-0.0251217
1.42084
0.667811
-2.44629
-0.956759
-1.89533
-0.339163
-0.614362
0.263893
-0.0311532
0.836847
0.297848
0.751626
0.542014
-1.72053
0.629714
-0.0586193
-0.14036
2.00375
-2.28248
-0.80053
1.03473
1.67732
1.22079
0.268197
0.263488
1.07495
1.49062
-1.06397
0.358299
-0.756096
0.646122
-0.0217066
0.156597
1.54785
-0.995068
0.0472103
-0.849336
0.0600438
0.69793
1.41191
1.15897
0.837544
-0.732233
-1.51391
-0.248718
-0.983255
2.1056
1.33683
-0.516058
0.773247
-0.787507
-0.86296
-0.103944
-1.88239
0.490153
-1.25645
-1.67351
-0.557681
0.852962
-0.66869
0.591874
0.552448
-1.18158
-1.89363
-0.639463
0.945071
0.134836
-2.10854
-0.766637
-1.3949
-0.608726
-1.81169
0.334434
1.68761
-0.482297
-0.859154
-1.06753
0.968861
0.506886
-0.927331
-1.09708
0.382815
-1.92464
1.27636
-0.0361042
-1.10796
-0.918686
-0.910335
1.32682
1.09894
1.15258
-1.00286
-0.221938
0.766275
-2.08594
0.171128
-0.262009
-0.442336
0.155085
-1.19861
-0.103711
1.0774
-0.898058
-1.54752
-0.0267438
-0.790116
-0.159845
-0.680034
-1.07702
-0.523484
0.506091
-0.58963
0.275448
0.502516
-1.0868
0.723198
-0.139655
0.605662
0.497811
-0.354872
1.59283
1.98273
0.479981
-0.557979
-1.39035
-1.11043
-0.841661
-1.38349
0.124644
-0.426369
1.88185
-0.484988
-0.600017
-0.114758
-0.430394
-1.49291
-0.780512
0.325803
2.18826
1.34369
-0.229758
-0.00225844
-0.108816
0.712974
0.303263
-0.525036
0.512277
-1.09752
0.294858
0.375475
-1.23004
-0.717238
-0.242863
0.487108
0.346705
-0.7952
0.509047
-1.24243
-0.742443
-1.20327
-0.96961
0.40293
-0.467889
0.111314
-0.270348
-2.50235
0.0667223
-1.28854
-1.27594
1.71754
0.133624
0.787037
0.351948
0.624759
0.0692657
-1.42124
-0.208107
-0.0180339
1.3288
2.2659
0.914625
-0.865514
1.49866
-0.814067
-0.319125
-0.0935365
-0.549502
1.66402
-0.169979
0.832824
0.095143
1.60968
-0.223945
-0.210219
1.70202
0.188614
1.21814
0.260264
-0.537916
-0.759794
-0.501764
0.287662
-0.777133
-0.330314
1.02419
-1.60076
-0.200395
-0.842312
-0.453119
0.857847
0.15559
0.133945
0.327494
0.754534
-1.52344
0.0915789
-1.43007
0.932736
-1.20667
-1.08455
0.554623
-1.29028
2.36288
-0.0329994
0.818625
0.860867
-0.753558
-0.247807
-0.872542
1.69375
1.78771
0.348114
-2.45251
-1.21386
-0.541886
-0.515368
0.838556
0.294438
0.514181
0.599529
-0.713086
1.1291
-1.10787
0.625277
-0.97125
0.107512
1.57735
-0.702042
-0.439721
-0.00453269
-1.56284
0.223285
-1.16994
0.677339
0.516365
0.900966
1.21526
0.679055
-1.4951
0.127288
0.920862
0.719142
-1.29514
-1.08255
1.86663
-0.51194
0.993472
0.34005
-1.09743
-3.08292
-0.914047
0.764163
0.909848
-2.14829
0.62402
1.47066
0.344535
-0.31821
-1.03293
-0.220805
-0.461009
-0.456243
1.20871
-0.327894
1.74938
0.0925174
1.406
-0.135536
-0.0577744
0.910193
-1.15996
0.324387
0.134003
0.112751
-0.482445
-0.53651
-1.29253
0.571016
-0.25865
0.91372
-1.21755
-1.02905
1.03166
1.19671
1.23201
-0.741313
-0.150345
-0.571211
-0.529951
1.28855
-1.27009
1.30597
-0.147605
-0.269741
0.164627
-0.404686
0.695314
-0.841772
-0.236209
0.304008
-1.55264
-0.997876
-0.758718
-0.854913
1.01897
2.51975
0.460556
-0.964002
0.400865
1.40904
-0.203194
0.450599
0.0984926
0.028255
0.95548
0.698311
0.555386
-1.54273
-0.709394
0.837955
-1.09559
0.0312526
-0.690814
-1.48142
-1.10437
-2.35663
-0.470156
-0.957707
-1.39213
-0.726711
1.19179
1.1845
0.424914
0.148318
-1.50321
-1.08919
1.03099
-1.12418
-2.34482
-1.32626
0.153202
0.523216
9.74949e-05
0.0214012
1.17987
1.61266
0.534668
0.882264
-1.1568
1.25913
-1.57727
0.328996
-1.41077
1.95252
0.926109
0.235157
-0.828755
0.64364
0.0657947
-0.182079
1.17906
1.01621
-0.118135
-1.29953
0.0512051
-0.491104
-1.86591
-0.606917
-0.0499075
0.166309
0.193371
-0.11655
-0.747669
0.789047
0.624478
0.405541
-0.418567
-0.0114404
0.576209
-0.56262
-0.0518239
-0.806213
1.60912
-0.806734
-1.71658
2.25556
-0.385447
0.994331
1.29574
-0.224626
0.340106
-0.237125
-2.23694
-0.245907
0.712128
1.97916
-0.100335
-0.647868
0.965358
0.590015
0.135476
0.417831
0.66141
-0.896908
-0.288918
-0.0128486
2.21358
1.25594
-0.997978
-0.335406
-0.0123893
1.02247
-1.27867
0.720659
-0.860274
-0.299269
1.12364
1.45973
2.34071
-0.577344
-1.72765
1.0727
0.114807
1.10183
1.41451
-0.611744
-0.873535
-0.276927
-2.39191
-0.148271
0.348963
-1.22198
0.0109723
-0.237803
-1.18412
1.36764
-1.6059
1.63837
0.287202
-0.433422
1.77607
0.252349
3.05474
-0.0346442
1.59905
0.473551
0.710944
0.267956
-0.0339573
0.532584
0.359284
-0.336805
-1.11576
-2.35783
-0.208816
-0.56273
0.419886
0.703167
-0.103223
-2.08179
-0.0749274
-0.780081
-0.103666
-0.153215
-0.428671
2.13576
1.45263
-0.169862
0.878128
0.168073
0.510975
0.517301
0.629032
-0.377418
-0.607575
1.09283
-0.833304
1.27988
0.540021
2.88062
-1.25986
0.855475
1.73311
1.20503
1.15942
-0.75674
1.40695
0.536176
0.532262
-0.670951
-2.17015
1.84367
0.30512
-0.0838567
0.819476
1.04839
-0.440013
-0.223847
2.40585
-0.331626
0.250503
-1.17157
2.9651
-1.55133
-0.119562
-1.36865
0.941925
1.47316
-1.38113
1.15078
-0.910463
-0.805814
-0.635624
-0.782037
3.22948
1.51872
-0.610356
-0.353895
0.508766
-0.305494
-1.20044
0.497529
0.732126
-1.24606
-1.52328
-1.58246
-0.487183
-1.37121
-0.206955
-1.79427
-0.0914712
-0.665833
-0.368065
0.601007
-1.46865
1.55864
0.381072
1.34037
-0.0337109
0.0995343
0.771695
-0.960964
-0.0149559
-1.86217
0.808071
0.645307
-1.32973
-0.271516
-0.586808
0.81556
-2.4791
0.153427
1.35139
0.780851
-1.21445
-0.71905
0.281984
0.506059
0.437044
0.863601
0.860884
0.842562
-0.346383
0.631629
-0.648616
0.952981
0.0130855
-0.353253
0.715505
-0.63748
-1.03714
-1.30443
-2.14089
-0.898217
-0.839759
1.09634
-0.677549
-1.57446
-0.295392
0.813666
-0.639574
1.81587
1.63937
0.462497
-1.36737
0.643958
0.555442
0.626558
0.0308836
-0.599423
-0.486387
-0.442956
-0.0159698
0.464152
-0.0560622
0.256883
-1.20195
-1.1218
-0.530453
2.88717
-0.916829
1.0358
0.510565
2.38253
-1.24548
-0.806465
-0.787869
-1.79766
-0.480105
0.56464
0.831132
1.14057
-0.103817
-0.586122
1.71718
-0.993525
0.130116
-1.00976
1.60453
1.63903
0.240175
-0.945722
-1.52986
-0.58556
-1.67707
-0.458262
0.739894
1.76989
-1.36005
-1.18826
-0.626589
1.11677
-0.14084
-1.16498
0.587689
-0.238636
0.731532
1.69598
-0.217637
0.00266987
1.00124
-0.981888
-0.0312543
-0.979424
-0.0992946
-0.00215076
0.738855
-0.799368
-0.778757
1.27884
0.0551841
0.391472
1.38291
0.134879
0.571653
0.000151072
0.314058
-0.283324
1.20772
-1.69252
1.14832
0.154784
0.420577
0.385027
1.19728
-1.13308
-0.443229
-0.257588
-0.371643
-2.60378
-0.712723
-1.49797
1.04104
-0.3319
-0.243787
-1.98428
-0.662454
0.471345
-1.26352
-0.859757
1.19996
-0.708239
-0.221972
-0.415584
-0.00210763
1.70944
-1.58806
-1.09397
0.187086
0.634455
1.13093
-0.856079
-1.5848
-0.0201542
-1.29217
-0.798218
0.790041
0.896543
1.0251
-0.276579
-1.04617
0.442166
0.158693
0.44242
0.667789
-0.809966
0.617654
0.651223
-0.134093
0.560015
-0.355301
-0.0500065
0.853549
-1.51251
0.470535
-0.74171
0.26907
-0.975549
-0.132772
0.519963
1.38749
0.490706
0.780721
-0.145684
-0.71868
-0.068963
1.62974
0.457221
-0.252777
-1.13101
-1.95807
-1.9018
-0.519978
0.0405141
-1.33107
0.699145
-0.630384
-0.747652
1.25871
0.568404
1.10695
-0.205348
0.586589
1.03528
-0.568301
-1.93487
0.587689
0.0540317
-0.806128
0.614911
-1.4923
-0.0978477
-0.743681
-1.4764
-0.355982
-1.38125
0.0825753
-0.691166
-0.179044
-0.753501
0.85353
-1.38719
0.478655
0.707532
-0.368608
-1.61752
-0.068421
0.80475
-0.660402
-0.143986
-0.62766
1.01084
-2.15319
-1.46095
-0.369087
-0.96737
-0.873696
-1.28428
-0.470225
-1.35845
-0.562162
-2.29844
0.778689
0.733301
0.314459
0.169976
0.946557
1.00409
0.696426
-0.39247
-2.10611
0.488635
-1.19065
-0.0655598
0.308351
0.466781
1.9604
0.521243
1.09171
0.91906
-1.51348
-1.10492
-2.30504
-1.00331
0.230691
-0.252207
0.111806
1.4362
0.459436
1.60758
-0.902952
-1.86947
1.45808
0.353037
0.836226
-0.263304
1.84272
1.27361
-0.478538
-0.682333
0.75906
-1.40191
0.113666
-2.17733
0.00497926
-1.3088
0.455315
0.160418
0.247121
-0.651439
-0.775602
-1.03153
-0.461437
-0.78367
-0.481203
0.0104548
1.14951
0.80774
1.03526
-0.598917
1.14965
-1.26107
-0.258865
-2.2474
-0.561954
0.326526
0.271688
-1.29992
0.64179
-0.728349
0.0525173
-0.210064
0.195394
1.39347
-0.254384
-3.59512
-0.768067
0.576422
-1.00855
1.04619
-1.6748
-0.420218
-0.474784
-0.612037
-1.53405
-0.366598
0.54223
-0.0693901
-0.138007
-2.05736
-1.41825
0.278999
-0.235888
-0.694839
-0.796638
-0.233651
0.870125
-1.19621
0.174768
-1.20315
-0.448974
0.107028
0.49867
1.45132
-0.962606
-0.932707
-0.843606
0.96147
1.18337
0.672755
0.666156
-0.689702
0.513572
-1.10564
-0.76105
-0.255906
-2.24025
3.02112
0.379699
0.434253
1.21645
0.967044
-0.435788
1.06378
0.580629
-0.773246
0.973593
1.87445
-0.180535
1.90205
0.161201
0.769252
-1.74705
-0.661167
0.449666
0.00883969
-0.456873
0.0464251
-0.0288517
-0.729735
-0.700742
-1.28316
-1.39011
1.44607
0.348246
-0.693699
1.83641
-0.502862
-0.166265
-0.0528237
-0.911254
-1.17502
0.802644
-0.37042
-1.18745
-1.0633
-0.809491
-2.4372
-0.204097
-0.0780001
-0.16996
1.13585
0.911289
0.925753
-0.34327
1.67862
0.786069
0.7878
-0.905999
0.725371
-0.125427
-0.0231924
-0.0460481
-1.40227
1.03026
0.824655
-0.694976
0.590613
0.0292681
1.10703
0.616219
0.866103
-0.277912
-0.912966
0.888405
1.1671
-1.83213
1.25206
-0.160304
-1.38123
0.194409
0.956316
-0.795886
1.01964
-1.00852
0.460127
-0.498259
-0.674612
-0.34396
-0.559226
0.534855
-1.73898
-0.445996
-1.00962
2.13511
0.969157
-1.28152
0.633479
-1.57746
-0.388295
0.717264
0.0458156
0.0666195
0.887671
-1.32847
-0.107047
-0.369424
0.0694821
0.650502
1.75936
-1.12129
1.19706
-1.28602
-1.44099
0.40276
0.690908
-1.04232
1.76837
-1.89542
-1.31634
-0.279846
-0.551961
0.265503
-1.16962
-1.32558
-1.22234
-0.747506
-0.926685
0.0252022
-0.57066
0.442189
-1.96535
-0.691264
-1.8251
-0.14369
0.358551
-0.834563
0.270426
0.823886
-1.36932
0.0304779
0.236088
-0.0115127
-0.377535
0.824897
-0.108445
0.51155
1.10199
0.0705738
-1.54414
1.68226
-1.23604
1.35383
-0.536095
-2.39013
-1.81577
1.67239
0.994095
-0.589841
-0.751633
0.793973
1.08689
0.906389
-0.849466
-1.2643
0.389203
-0.659492
1.39075
0.0494736
-1.33036
1.59431
0.157847
-0.501867
-0.382993
1.37205
-0.0384104
0.486079
-0.790225
-0.361035
0.554652
-0.0524226
-0.346001
0.154596
0.463103
-1.06557
0.425181
-0.0917509
-0.292664
1.15679
0.865108
0.571776
-1.74099
0.347125
1.75636
1.49705
-0.87721
1.84247
0.535997
1.34274
0.20456
-0.611079
1.5077
0.0596036
0.820291
-0.253784
0.204215
1.31984
-2.00671
0.391709
-0.183921
0.55615
-0.640021
2.213
-0.591318
-0.240911
0.886958
1.0852
0.533137
0.147314
-1.5041
-1.37
0.909774
0.0406335
-0.426919
1.3018
-1.30682
0.255749
-0.292593
1.06588
0.890568
-1.05605
-1.54149
0.457177
0.871567
1.35103
-1.25427
1.28239
0.0702223
-0.212361
0.308994
-1.13904
0.600156
-0.00326388
-0.337414
1.21252
0.688735
0.350331
0.586434
-0.645026
-0.324596
-0.000559266
2.10016
0.162624
-0.174805
0.795842
1.85167
-1.02878
-1.2194
0.166182
0.764265
1.65471
-1.1793
-0.803902
-0.0773755
-0.256931
-0.666835
0.0171799
0.19525
-0.991272
0.545974
-1.10773
0.694797
-1.71846
-1.2904
-3.0601
-0.665067
0.108362
-1.23865
-0.0763838
0.870697
1.43273
-2.48505
-0.217853
0.112891
1.34841
1.32596
-0.70458
0.763406
-0.928363
1.2726
-1.58374
0.0698865
-0.467448
-1.6452
-0.504544
-1.21338
-0.0637196
-0.0463677
-0.584487
1.04961
-0.567445
-1.63351
-0.0998333
0.311299
0.639953
0.369348
0.752802
-0.327401
-0.861992
-1.33431
0.85585
-0.147569
-0.296155
0.836879
0.00934046
0.0400247
-0.561071
-0.751755
0.145502
-1.77944
-1.2471
0.197624
-0.921314
0.924043
0.834188
0.178907
1.56086
-0.234169
1.18562
0.903742
-1.12404
-0.152029
-0.908251
-0.587332
-0.789174
0.273663
-0.541068
0.562671
0.303385
-0.208623
0.715171
0.0251389
0.178809
0.874022
-1.81815
-0.248639
-0.392785
-0.469244
0.738658
0.689589
0.710161
1.77393
0.482314
2.07391
-0.0763394
0.89806
0.525138
1.22893
0.667491
0.043623
0.311018
-3.72977
1.02681
0.322561
-0.341575
-0.573025
0.904467
0.988785
-1.08761
-0.427042
-0.137207
2.29765
0.106927
-1.24528
-0.556306
1.34145
0.710027
0.944499
-1.59637
-1.30826
-0.624584
-0.289775
-0.0681978
0.103359
-0.690475
0.439059
-0.696805
-0.326091
-1.63258
0.298286
0.337613
-0.748616
2.04747
-1.35024
0.227882
1.32121
0.958125
1.39026
0.529744
-0.0480354
-0.636222
-0.488792
0.742492
0.962298
-2.03139
-0.400114
0.872989
1.50779
0.228417
0.74897
-1.72903
-0.865287
0.0398275
-0.699545
1.01943
-0.613828
1.04957
0.894014
-1.25824
-0.239847
-0.811843
-0.581983
-0.0477294
1.19261
-0.699147
-0.822921
-0.378459
0.126821
1.11201
-0.00483158
0.0776129
-2.24276
0.877923
-0.670489
-1.05646
0.238606
1.07022
0.016202
0.225142
0.72286
0.742825
-1.51048
-0.23842
0.0554182
1.63275
0.0308222
0.107514
-0.351092
0.111521
0.563302
-0.35386
-0.896436
0.036117
-0.691554
-0.0323927
0.836919
0.0689537
0.481816
-0.0434715
0.945717
1.2046
-1.33648
0.410193
-0.024425
0.392515
-0.151649
0.0457724
-0.900929
-1.05095
-0.977471
-0.444618
-0.0352064
-1.34735
0.900711
1.08477
-1.30037
-1.50088
0.368874
1.09841
-1.1451
-1.80937
0.259547
0.153467
-0.721835
-1.19985
0.524206
-1.01244
0.386132
1.69877
-0.295732
0.357059
-2.25295
-0.736805
0.0876334
0.186093
-1.13331
-0.316205
1.37579
0.629731
-0.0424733
-1.72515
-0.964048
-0.933159
0.60998
-0.0643887
0.374118
0.792773
-1.47042
0.386826
1.35475
0.0969951
1.18028
1.39572
-1.4479
1.80797
-3.08851
-1.21029
-0.406983
-1.06553
-1.04596
1.15003
-0.308255
-0.0381195
0.0926384
0.981582
2.31673
0.890918
0.785596
-2.58427
0.897695
-0.169472
0.312924
-0.378108
1.05062
-0.303053
0.591261
-0.26495
2.06054
-0.486559
0.281846
0.744016
-0.807034
-1.86607
1.22225
0.651857
-0.687422
0.795947
0.646344
1.47624
-0.0568124
0.576449
0.969889
-0.572824
0.236024
-0.020204
-0.201576
-1.02435
-0.374039
1.09389
1.42945
-1.93151
0.810981
0.905399
0.312916
-0.41231
0.646952
-0.235687
-0.996612
-0.651692
-0.336452
-0.969295
1.06507
0.0447155
0.47636
-1.62964
-0.15886
-0.230909
1.49123
0.285935
0.484562
0.584816
0.392681
0.137233
0.890773
-1.1909
-0.777261
-1.98759
-1.37358
1.57418
-0.333818
0.381697
0.450183
0.0899552
-0.601587
0.908902
-0.0704295
-0.7881
0.58604
-0.120927
-0.577322
0.66096
-0.428174
-1.67408
1.25222
-0.0861601
-1.5152
0.746011
-0.73736
-0.409263
-0.217131
-0.435749
0.840282
0.208026
-1.05286
-1.56925
-1.10885
0.342646
-0.0182632
-0.631003
0.040187
-0.566384
0.662007
-0.445774
0.646219
0.31441
-0.382097
-1.60552
1.15855
1.11456
-1.76831
1.14446
-2.80906
-2.15909
1.27745
0.46524
-1.62757
-0.36961
-0.279496
-0.551534
0.537392
-0.853682
0.709254
-2.05973
-1.47714
0.259435
0.0713567
-1.27965
-0.59824
-1.53752
0.255315
-0.859001
2.18817
-1.03266
-0.275506
1.11275
0.210378
0.0834179
0.499526
-0.502521
-0.6392
-1.91985
-0.220244
1.0951
-0.333235
-0.880337
1.14041
-1.06049
1.68332
0.485734
-0.678414
1.06084
-0.0878523
-0.876051
-0.46546
0.000396903
1.57545
-0.744774
-0.311399
0.688783
0.31138
1.10534
-0.995427
-1.34538
0.452814
1.40465
1.04125
0.0878753
-0.0248556
1.75828
0.789012
-0.730698
0.736345
-0.351806
-0.583048
0.434712
-0.669223
0.312089
-0.578814
-1.52661
-0.483802
-0.293003
1.48885
-1.45648
-1.10448
0.273476
1.09026
-1.31762
-1.06023
1.11591
-1.61905
0.827702
1.17951
0.783932
-1.33068
-1.82659
1.87153
0.891622
0.914639
-1.33827
0.132282
-0.294229
0.904416
0.931963
0.0470754
0.0366672
-1.35533
-1.59315
-0.0677912
-0.905105
1.24835
-1.00981
-0.259627
-0.901298
-2.59613
-0.693294
0.926292
0.59416
-0.943854
-0.381116
0.8654
2.3555
-0.162943
-0.292104
1.8343
-0.484549
-1.82435
-0.421864
0.653073
1.26172
0.480998
1.98196
-0.456132
0.152462
0.857074
-0.392918
-0.854334
1.62869
0.108938
0.0387088
-1.46149
0.780012
1.08623
-1.7343
0.0347831
0.0753812
-1.16277
-0.914433
-0.10612
-2.19403
0.161065
-0.182347
-0.768331
0.749522
0.0912229
-0.716858
0.604046
-0.154088
0.390759
-0.2603
1.89533
0.812384
-0.167883
1.87092
0.539956
1.92081
0.781692
-0.162497
-0.509466
-0.558661
-0.282426
-1.16893
1.51497
-1.43367
0.485153
0.279392
0.695688
0.639701
-0.000412932
-0.683299
0.724136
0.623411
1.50517
0.338325
0.413319
-1.24119
-2.03606
-0.502007
-1.88477
0.781506
0.0536818
2.22494
0.110978
-1.72655
-0.169574
-0.272637
-0.107335
-0.535324
0.364889
-0.0310279
-1.94505
1.04304
-0.527485
-0.294974
-1.1536
-0.701679
1.67015
-0.09946
0.462747
-0.112074
-0.821475
1.08491
-1.01696
-1.12025
0.329748
1.04772
2.03464
0.00851491
-1.57256
0.895904
1.38379
-0.72772
0.134946
0.274884
0.0569634
-2.62817
-0.64541
1.62283
-1.22658
-1.02391
1.94567
0.571006
1.02897
0.149981
1.75312
0.721733
-0.884931
0.225887
0.189365
-0.111571
0.256182
0.62459
0.97455
-0.369116
-0.226922
-1.11801
-0.980161
0.246346
0.322218
0.474604
-1.02418
-1.08871
1.00745
2.29533
1.28167
-0.359051
-0.76372
1.18722
0.460905
-0.385532
0.00967112
-0.85982
1.13381
-0.947053
-0.935233
0.530941
1.02261
-1.06169
0.0125991
0.233362
-0.868808
-0.863298
-0.0282771
-0.533887
0.349484
0.757339
1.21436
-1.09683
0.827156
-2.55212
0.452253
0.85062
0.864333
0.485705
-0.679424
1.03394
-0.403972
-0.384086
0.151602
-0.459578
0.270796
1.02919
0.0945685
-1.11307
-0.169067
0.16762
0.356839
2.0391
-0.109704
-1.47217
-1.29077
-0.910608
-0.0639441
0.334464
-2.15963
1.1018
0.46183
-0.936174
1.63545
-1.19609
-0.440819
0.0737043
-1.43406
0.0487141
-0.873083
-0.198542
-0.755688
-0.636561
-0.278584
2.39283
0.451004
0.542944
-0.815387
-0.595595
-0.391787
2.77702
-0.877139
-0.260058
-0.695068
-0.979352
1.3953
-0.976942
1.40112
1.91733
0.809458
0.353296
0.608936
-0.0696025
0.225166
-1.0309
-0.365727
1.18364
1.17198
-0.790484
0.153916
0.80853
0.916829
0.568952
0.670795
-0.62062
2.22083
3.06172
2.01071
-0.0337637
1.838
1.22592
1.09351
-0.631618
0.0349913
0.45815
0.325513
-0.471504
-0.897605
0.683742
1.79096
0.0386684
-0.423552
0.639911
-0.52653
-0.554485
-0.269845
-1.08841
1.86503
-0.0990277
-2.08733
-0.438286
-1.93155
0.705118
0.999693
-1.42509
0.849766
0.617196
0.653798
1.41011
1.14471
0.566886
0.0659159
0.197937
-0.104903
-0.539022
1.66922
-1.41897
0.800749
-1.05711
1.47699
0.0874647
-1.74212
0.0295627
-0.463255
2.03722
0.247187
-0.524313
-0.840544
0.272972
0.774043
-0.784081
-0.440363
-0.180821
-0.787825
0.222193
1.83103
-0.239553
0.795488
-2.74149
-0.58206
-0.666964
0.0818824
-0.379694
0.160335
-1.33648
-0.830628
-0.484224
1.51533
-0.147628
1.64128
0.562507
-1.6152
-0.769498
-0.577421
0.457889
2.03991
-0.722008
-2.32038
0.998695
-1.509
0.162458
-0.15539
-0.955877
1.42775
1.18707
-0.178502
-1.42559
-2.01443
1.40164
-1.27039
-0.396185
-0.505964
-1.93742
0.0381246
-0.33019
0.532657
-0.561679
-0.501968
-1.71143
-1.57246
1.50948
-1.3933
-0.787786
-0.191768
3.06773
-0.344269
-0.684041
2.7857
1.60267
-0.935296
0.685457
-0.396564
-0.658396
-0.301103
2.05353
1.78326
-0.383016
2.28603
0.413983
-1.59551
0.74185
1.54176
-0.0674497
-0.38987
2.4063
1.32953
-0.157535
1.02586
-0.497392
-1.12063
-0.783045
-0.312035
0.315036
-0.341492
0.527691
1.96812
-0.503195
1.06214
0.720949
-0.914127
-1.74471
-0.0994275
1.57486
1.04447
0.846774
-1.35739
0.894605
0.526942
0.490695
0.494133
-0.808426
0.631875
-0.20182
2.67449
0.0707542
0.617975
-0.442614
-1.27941
-0.123505
0.353871
-0.205871
1.04706
0.184852
-1.23115
-0.443042
-0.36099
1.11595
0.445486
0.8712
-0.820272
1.17154
-0.427841
0.743039
0.519573
-1.66289
1.50137
0.0211449
-0.690357
0.568795
0.62324
2.20352
-1.27164
-0.181412
-0.187982
1.08388
-2.11367
-0.214282
-0.517303
0.535345
0.0194664
0.698933
1.6151
-0.149901
-0.412578
1.20556
-0.716903
0.152798
-0.65563
0.238175
-1.01459
0.853558
-0.935901
0.205217
1.7334
1.24619
-0.726069
1.32266
-0.9221
0.135883
-1.47753
-1.35412
-0.109448
-0.52279
-1.71471
-0.303888
-0.150552
-0.853402
1.14171
1.52401
-0.0698869
-0.461734
-1.04315
0.770092
-1.2632
0.230106
-0.757843
-0.855928
0.592685
-0.455925
-1.87832
-1.8548
1.08374
-0.360374
1.58368
0.189046
-0.243364
0.613171
-0.633416
1.1936
-0.464142
-0.453086
0.289275
-1.99035
0.49637
1.43548
0.637047
-1.60855
-0.348969
-0.186478
-0.347374
-1.62279
-0.917583
1.63504
0.181268
-0.818432
0.536266
-1.49337
1.25731
0.154582
0.856129
1.48826
-1.39463
0.12553
1.37175
0.234361
0.784348
0.53985
0.769426
-0.931867
0.632985
1.00565
-2.1227
-1.35051
1.65725
-0.82024
-0.916508
-0.290252
-0.023786
-0.463961
1.70358
-0.00774862
0.509904
0.323204
1.87918
0.193331
1.55256
-0.7132
-1.18307
1.62221
1.4676
0.723718
1.2166
0.0533331
-1.70731
0.656563
0.734032
0.99247
-0.66155
-1.33657
-0.590366
0.136354
0.981175
-1.11036
1.83193
-0.992024
-1.32627
0.0683882
0.61753
0.596871
-0.784469
1.15841
-2.06652
2.29604
-1.93602
1.91876
0.771187
-0.6504
-0.553563
0.0372114
-0.165553
-0.242561
-0.552158
-1.59186
1.22957
1.48143
0.548418
0.689494
0.806931
1.07295
-0.437295
-0.111065
-0.513381
0.390692
-0.223122
-1.2885
0.823965
-0.594752
0.616063
-0.819977
0.454824
-0.445152
0.362605
-0.382964
1.5166
-1.51936
-0.592818
-0.620936
1.24669
-0.813286
-0.350039
0.531853
-0.67147
0.237925
-0.320778
0.944219
0.0424807
0.716942
0.0649224
1.28142
-0.101283
-1.46034
-2.6954
-0.00417456
0.436447
0.83261
-1.59096
0.344012
-0.373506
-0.359902
-0.520769
-0.522431
0.7357
0.600589
0.629385
1.34513
-2.10426
-0.29259
1.4091
-1.83342
-2.33415
0.223119
-1.03928
-0.0258373
0.0770414
0.142816
1.2477
0.083592
0.151861
-0.305705
0.0160157
-1.1483
0.440397
0.990773
-0.372925
-0.199017
-0.679703
-0.137697
1.08325
1.57428
-0.974995
0.160268
0.495351
0.687656
-0.301067
-0.240985
2.20677
0.200711
-0.298932
0.926337
-0.773228
0.158026
1.61439
0.424328
-0.318174
-1.08368
0.85782
1.16553
-1.0408
-0.0277547
-0.635592
-0.0824092
0.676436
-1.17527
1.46627
-0.867968
1.55665
0.13423
1.26357
-1.80156
0.95979
-1.0463
0.482458
0.321688
-1.46941
-1.99943
0.142064
-0.287242
-0.427476
0.408871
-1.39202
-1.50554
-0.261964
2.02305
-1.0131
1.45704
0.142187
-0.228065
0.25676
1.19184
1.34077
1.36113
2.34456
-1.1839
1.7818
-0.337584
1.61892
1.14545
1.07658
-1.69726
-0.615893
-1.47835
-1.35081
0.537869
-0.531033
-0.0588033
-0.900168
-0.753742
0.0987258
-1.87779
-0.186169
0.724496
0.266184
1.06146
-0.688714
0.937277
-0.460557
-0.317101
0.446865
1.25672
0.311774
0.338328
1.0095
-2.03481
1.87936
-0.595013
-0.595449
0.210066
-1.19773
1.02092
0.229253
1.45271
-2.28006
0.148318
-0.76216
-0.130728
0.182028
0.455603
-2.44133
2.09862
-1.23873
-1.4291
-0.398839
0.0526898
1.83786
-0.570161
-1.33631
-0.592688
1.90683
-0.0924767
1.3186
-0.476754
0.227396
0.00191654
-1.07761
0.236296
-1.00023
-1.9649
0.75476
0.182245
0.683619
-0.296167
-1.27507
0.239957
0.351138
0.187751
0.0530493
1.30675
1.74472
0.0637099
0.807641
-0.511022
-0.246186
-0.0604718
0.173773
0.651992
-0.0147079
-2.97737
1.38273
-2.17273
0.161311
-1.60896
-1.05964
0.33439
-0.339687
-0.497419
-0.254551
1.04804
1.06129
-1.84622
-0.516432
0.416565
-0.517559
-0.199503
-0.88872
0.265477
-1.70972
2.1524
-1.01106
1.00838
-1.37459
-1.2591
0.588427
1.85856
1.05037
0.167521
-1.09799
2.15335
1.35302
1.90126
0.908819
1.19784
0.237463
-1.02067
0.555936
-0.62536
0.767713
1.98391
1.54935
1.42286
-2.07945
0.522517
0.136421
-0.0541465
-0.729227
-1.33911
1.33463
-0.407148
-0.188887
0.170217
0.12032
-1.04803
-1.0585
-2.91104
-1.1367
-0.858309
1.15255
-0.235441
0.119907
0.0971137
0.246878
0.18359
0.871583
1.03491
-0.825573
0.897244
1.03191
-0.848927
0.435762
1.01073
-0.43355
-0.0907376
-1.31645
-0.51898
-0.0509465
0.184382
-0.517118
-0.16551
1.12549
-1.93509
-1.27546
-0.52809
-0.991276
0.49206
-1.40592
-2.47476
-0.218934
1.54828
-0.0685397
1.17008
-1.26247
-1.04857
-1.10117
-0.385849
-1.11162
2.38491
1.11227
0.556097
-1.57146
-1.15044
0.495364
-0.161423
-1.06828
0.954149
0.62573
1.1571
0.834441
-0.113135
0.484065
1.01906
-0.173392
1.1058
0.669833
-0.113069
-0.858552
0.137559
1.05738
0.391129
-0.704929
-0.419033
-2.04131
-0.677291
0.125148
1.27048
1.59934
1.38324
1.35343
0.0321342
1.00477
0.62062
-2.3588
0.0164797
-0.639383
0.087583
-1.32702
0.557353
0.407219
0.334067
0.526484
-0.521604
0.54813
-0.890827
0.583702
-0.544751
1.07713
-0.761702
0.988319
-0.462039
-1.45004
-0.920959
-2.10107
-0.462174
-0.871288
0.119722
-1.19195
1.22797
-0.558293
-0.316372
0.968316
-0.421
0.208268
0.197075
-2.06489
-1.69049
-0.773631
-0.715162
1.12144
0.829314
0.164581
-1.63172
0.16654
1.97078
-0.870481
1.43775
0.308869
2.94402
-1.85816
0.727916
0.700119
0.123415
0.666168
0.422283
-1.08915
1.23814
0.974947
-0.083435
0.326182
0.887222
0.232179
1.41108
-1.00489
-0.515364
-1.56978
1.55716
-0.805973
-1.05017
-1.04288
1.21107
0.882377
-1.04795
-0.258845
-1.64126
0.360927
-0.486329
-0.185563
-2.32515
-0.969244
1.43191
-0.287668
1.22474
0.568746
-0.0593448
-0.359621
-0.297722
0.0335473
-1.7141
0.928718
-0.419426
0.631728
1.40924
-0.905724
0.78057
0.673232
0.14226
2.51574
-0.128869
-1.2734
1.74801
-0.413242
-0.386189
0.480618
-0.0756407
-1.08733
0.676331
2.12989
-1.20865
0.38314
1.44674
1.63615
-0.327785
-2.02757
0.555149
-0.161631
-0.953647
-1.49187
-1.22894
0.870193
0.139553
-1.31406
0.586405
-0.148788
-0.75554
-1.95762
0.399904
0.444526
-1.12275
0.751031
0.513123
-0.865906
1.31918
-0.795041
-0.873361
-0.532765
0.187029
-1.33191
0.00717826
1.05392
-1.96146
0.288679
2.0442
1.09493
0.5094
0.407093
-0.545072
-0.365603
-1.81302
-0.0397016
0.189062
0.742607
1.09452
-1.96039
0.259847
-0.0422084
0.0175922
-1.70038
-0.736705
0.871284
-1.8382
1.71158
0.123814
-1.70967
0.827962
1.91564
-0.696668
0.193904
0.0979379
1.09379
-1.99552
0.686354
-1.0518
0.517533
-0.420791
0.346512
0.0145353
-1.97398
0.175914
0.558899
-0.514896
0.396998
0.782573
0.262102
0.117879
-1.10521
-0.18796
-2.09228
0.364011
-0.460301
0.633587
-1.36366
0.325504
-0.453255
-0.65432
-0.370393
-0.687395
1.71856
-0.234953
-0.969996
-0.499007
0.662587
1.0868
0.532241
1.61297
1.78675
-0.431758
-0.354878
-0.613931
-1.56738
0.286021
-0.345048
0.797907
-1.04301
-0.399499
-0.0514128
0.300613
-0.306683
0.48476
0.844458
-0.496101
-1.83024
0.103874
0.144043
0.553366
-0.0911701
-1.04554
-1.00241
-0.245082
-0.406007
-0.0879673
-1.46555
-0.852283
-1.15808
-0.322974
-2.88746
0.339475
1.06895
-0.674496
-1.51237
0.256464
-0.356131
1.8546
-1.63284
-0.560331
-0.743752
0.152037
-1.40876
1.47245
1.08284
0.451535
-0.539692
-0.469559
-0.517368
-0.443165
1.56971
1.1907
0.436457
-0.245646
0.750351
-0.0258923
-0.631457
-0.470115
1.37482
-0.399133
0.781093
1.59804
0.931543
0.087583
0.666351
0.33646
0.701272
-0.310943
0.0906255
0.968859
1.07933
1.21096
-0.296599
-1.23473
0.912173
-0.21007
0.010974
1.11906
-1.09704
-0.325891
0.250078
-0.354809
1.07882
-0.306942
-0.141513
1.11083
-0.551274
-0.65705
-0.280982
0.206265
-0.19134
0.925102
0.97048
1.17389
-0.40581
0.378535
0.199503
-0.982918
0.443336
-0.101921
0.415132
1.00814
0.20803
0.46742
-0.0432674
0.911508
0.377217
0.888583
-0.23564
0.453658
1.74726
-0.265269
-0.00754934
0.240036
-0.368241
0.433404
0.217483
-0.874665
1.34471
-1.45422
1.04478
-0.468681
0.0299135
-2.64023
1.07151
0.169611
0.197903
-0.313279
-1.46885
-0.157194
-0.877031
0.00940049
0.610657
0.00406672
-0.642349
-0.00768378
-0.163364
1.1732
0.488062
-0.313162
-2.45456
-1.50926
0.901418
-1.71585
1.90894
0.088605
-1.93361
1.26301
0.71897
-0.177159
0.244352
-0.704378
-0.258659
1.24489
0.717076
-0.301041
0.413441
-0.543736
1.65271
-0.468691
-0.259848
-0.556681
-1.99397
1.33573
0.518127
0.68682
-0.0159629
-0.330867
-0.300818
1.5287
0.855175
0.855407
-1.67854
-0.230775
0.0642435
-0.228061
-0.761672
0.251575
1.85764
-0.297213
-0.956493
0.171181
0.284488
-0.621252
0.27741
-0.255086
1.54701
0.910711
0.469353
1.6674
0.696782
-0.0634694
1.51572
2.49483
1.35104
0.32986
-0.217487
1.05978
1.20944
-1.41057
-0.696867
-1.70881
0.999501
-0.713347
0.417543
0.0591613
-0.437471
1.09271
0.580634
-1.23508
0.600702
-0.408739
-0.132325
-0.646018
-0.633561
-0.0182179
-0.665383
-1.18841
-0.212709
-0.214716
-0.261238
-0.253484
0.317736
-2.21892
-0.722889
-0.447063
-0.646701
-2.35259
-0.721418
0.530687
0.104826
0.162692
-0.663285
-0.531652
-0.353864
0.320552
0.263924
-0.902502
-0.893918
-1.34553
-0.902296
0.0848782
0.778123
0.615834
0.302779
0.485649
0.790342
0.817069
0.840598
1.18565
-1.28427
-2.00074
0.36873
-0.592334
-0.229564
-0.898845
0.635387
-1.24447
0.0615355
-0.118507
0.29861
-1.41058
0.934662
1.31099
-2.98554
-0.279146
-0.125898
-0.495682
-0.124818
-0.394237
1.58649
1.71448
-1.09443
-0.213249
-0.0294015
1.64876
1.2496
0.237215
0.299453
-0.565323
1.48887
0.618156
-0.913038
-0.133746
0.596338
-0.884458
-1.4355
1.67688
-0.755751
0.704266
-0.323234
0.285527
-1.95283
0.910586
1.32392
0.382875
2.33807
1.10997
-0.961195
-0.264047
-0.618526
0.737282
-0.380337
0.12714
0.51417
-0.945185
-0.138131
0.32921
-0.678368
1.118
0.048643
-1.00974
-2.0038
-2.21165
1.09213
1.57974
-0.74532
0.272679
0.195713
-1.48062
-0.641058
-0.246548
0.112939
-0.981081
-0.396382
-0.465062
-1.45985
-1.1102
-0.86773
0.0753846
-0.659084
0.536248
-0.895196
-0.639625
2.88618
0.783355
0.361679
-0.0274142
0.493026
0.814013
1.18973
2.21138
0.677805
1.07402
0.322699
-0.443514
0.653339
0.196594
0.534897
-0.212023
0.717028
-0.863561
0.409025
0.408451
0.0236773
0.0887763
-1.02235
0.344978
0.189205
0.104424
-0.160456
-0.103386
0.496442
-0.951835
1.60554
0.713792
2.67553
0.707541
1.06437
0.263967
-0.585292
-1.51647
0.109623
-0.240056
1.16812
1.70874
0.419439
-0.63206
0.07053
1.28801
-1.00305
0.851846
1.791
-0.164249
-0.538328
-1.29668
-0.895344
-0.195137
0.744267
-0.884955
-0.111353
-0.820748
0.872192
0.689123
0.902898
0.148506
-2.18922
-0.940247
-0.348254
0.901474
0.170624
-0.495054
-1.57843
-1.63305
-0.485108
-0.256562
-0.317788
0.593709
-0.204253
-1.42872
-0.653795
-1.15929
-0.711606
-0.518312
0.479617
-1.27558
1.38741
0.800379
-0.901785
0.21359
0.884589
-1.01936
-2.11937
-0.301932
1.56472
2.13751
-0.3201
1.19122
-0.141869
0.267175
0.445615
1.13968
-0.627653
-0.437835
0.588682
-0.377548
-0.642622
-0.810666
1.2093
-0.938119
-0.130755
-1.97786
-0.647732
-0.617009
-1.24784
-0.489165
-0.409135
-0.412712
-1.11722
-2.59986
-0.86465
-0.518846
-1.46883
1.00369
1.74894
2.12461
-0.207677
-1.18191
0.184882
0.0868036
1.85321
-0.0814841
-1.24182
-0.0428234
0.377461
0.743678
-0.704504
1.14998
-0.932448
-2.73891
-1.15888
0.0210426
0.034144
0.365439
-1.08262
0.168699
1.90136
-2.50095
1.16668
2.35617
-0.389045
-0.20418
1.33032
-0.742769
0.485681
-0.19497
-0.535019
-0.00586007
0.124442
-0.661535
-0.87671
0.436912
0.648886
0.0918348
1.95783
-1.15984
1.33045
0.231992
-0.550836
-0.421697
-1.50741
0.724488
1.67187
1.51327
0.616389
-0.277831
-1.33855
-0.966863
0.00556284
0.68113
-0.376147
-0.244603
-0.58997
-0.34454
0.74773
-1.17784
0.221786
1.57913
-0.58891
1.01245
-0.177269
0.0950489
-0.0790522
0.20967
-0.837972
-1.60375
-0.379981
1.50515
1.05789
1.37164
-0.939443
0.926128
0.0820095
0.813135
0.501058
0.0988434
-0.0899434
0.1142
0.338009
1.58905
0.358195
-2.01648
1.15716
-0.222059
-0.570991
0.0714286
-0.517441
0.852235
0.259052
-1.40292
-0.442405
-0.765832
-2.98779
-0.755871
1.51654
0.169599
0.153736
0.416882
-0.411483
0.751993
-0.189869
-2.58076
0.61506
0.223945
-1.38886
-2.19131
-1.71346
0.723078
-1.36331
0.574473
0.498104
-0.594568
0.27506
-0.992537
-0.125932
1.35511
0.74499
0.630142
-0.0645005
0.122194
-0.351246
-0.255122
0.591239
0.0936992
1.23145
0.452405
-0.742212
0.0531828
1.83207
-0.585281
0.43942
-0.287857
0.0677799
-0.828836
0.910494
0.714872
0.23422
1.19783
-0.786374
1.5427
0.681616
0.413556
-0.148707
-0.70039
-0.353809
-0.906861
1.18842
1.25686
-0.162556
0.78238
-0.341065
-0.730174
-1.31034
-0.596033
-1.19574
0.59873
0.0119018
0.775924
-0.725578
-0.349115
1.13195
1.88692
-0.745315
-1.16594
0.377743
-0.48059
1.78804
0.901213
0.355768
0.528339
0.803307
-0.827957
-0.828079
0.0566119
-0.2021
0.377396
0.4867
0.160775
0.665167
-1.10947
-0.135405
-0.405906
0.1253
0.119408
0.624988
-1.01318
0.540188
-0.577569
-0.766845
0.349259
-1.35564
0.736799
-0.633189
-0.142782
-0.28337
0.681206
1.54663
0.775957
0.52444
-0.0543499
0.684245
-0.214407
0.531134
0.564507
-0.860792
-1.22363
-0.359431
1.34531
-1.97705
0.765265
-0.878463
-0.443018
-0.388245
0.0364933
-0.262842
-0.600744
-2.5584
0.929865
0.121614
0.0044449
-0.466588
-0.657475
-1.18444
0.884217
1.92701
0.3615
-0.259646
-2.5417
-0.0419362
-0.350694
0.475134
-0.0118041
-0.718702
0.805189
0.205774
0.0794508
0.952853
0.00631993
-0.706845
0.313884
-0.941406
0.117391
0.874734
-0.272254
-0.0973642
0.505358
0.406305
0.333952
-0.0947174
-1.64469
1.1254
0.844858
1.1088
0.0828434
1.07514
-0.539807
0.982211
-1.09836
0.143038
-0.30211
-1.0063
1.98542
-1.04932
-0.151122
2.01519
0.635339
-0.307818
-0.0878781
-1.19685
-0.757295
-0.0934378
-1.103
0.246082
1.80235
0.429744
-0.563633
0.433468
-0.607758
-1.15091
0.34841
-0.584963
1.72425
0.0346418
-0.94597
1.87844
-0.318338
0.0564448
-0.311458
-0.531265
0.359546
3.00344
0.329705
0.560751
1.09264
-0.117069
1.31681
-0.350194
-0.107362
1.34185
-1.02981
2.25763
-0.798003
0.803828
-1.72316
-0.255415
0.637961
1.05505
-0.833241
0.0682234
0.442333
0.360746
-1.28934
-1.51143
-2.63948
0.374905
-1.85907
-1.03915
0.377197
-0.207644
2.11682
1.43667
0.577276
-2.90624
1.60966
0.031277
-1.14858
-0.866761
-2.12133
-0.18398
0.873149
1.6561
-0.0382147
-1.49297
0.51814
-0.211198
0.223643
1.97767
0.920209
-0.0406992
0.365633
1.4559
-0.661665
-0.218479
0.101425
0.229584
0.35756
-0.304654
-0.22163
-0.39863
-0.428995
0.957485
0.768624
-1.42742
0.0616302
1.38961
-1.76888
1.26433
-0.0411824
-0.401289
-0.211266
-0.66534
0.328248
-1.10177
-0.119766
1.78572
-0.918049
-0.671992
-0.290359
1.19503
0.0790754
-0.724647
-0.265131
0.692081
-0.415063
0.0893017
-0.30878
-0.612651
1.4029
0.67368
-1.91748
3.11329
-0.0308149
-0.43501
1.04871
1.07756
0.280127
0.184932
-1.48692
1.63953
0.436966
0.258418
0.764909
-0.516107
-1.57115
-0.417253
1.55797
-0.798717
-0.191675
-1.13255
-0.269599
-0.0325123
-0.977994
0.727618
-1.23452
0.0782314
-0.527057
-0.439004
-1.25736
-0.42444
-0.715026
1.48821
-0.471588
-1.05297
-1.66759
0.289181
-0.792169
-0.839629
-0.775422
1.01093
-1.95148
-0.705795
-0.0800579
0.965079
-0.127815
0.525789
0.461419
0.40848
-0.724242
-0.133041
0.393257
-0.56625
1.31064
-0.785333
-0.545943
0.126304
-1.24528
-0.738938
-0.610509
0.489144
-0.951617
-0.581528
-1.46744
-0.0809874
0.0387048
0.0364585
-0.268596
0.622029
1.92083
-0.966564
2.46225
-0.086826
1.4338
1.10679
0.146618
0.368358
-1.50613
-0.288433
0.447467
-0.907042
-1.23983
0.198539
0.738793
-0.86427
0.805545
0.888181
-0.199401
-1.18153
1.13442
-1.34209
-2.2563
-0.476518
0.082268
1.77929
-0.245756
0.307754
0.444906
-1.65148
2.31711
-1.69317
-1.25155
1.82642
0.201156
0.295441
-1.27451
0.630832
0.885723
0.0233477
1.56688
-0.391201
-0.263778
1.30392
-0.326944
0.421548
-0.400685
0.0474523
-0.165845
0.322314
0.793457
0.738779
0.625627
1.09643
0.0440602
0.69743
-1.08721
-0.16156
-0.329475
-0.085053
-0.755377
-1.47035
-0.280886
-0.652698
-1.15419
-0.808049
-0.728935
-0.471078
-0.449972
0.556925
-2.11642
-0.819407
-0.757352
-1.75319
0.807733
0.0304281
0.938582
1.32964
1.95104
1.00453
-0.0951553
1.23233
-0.693107
-1.08929
-0.279434
-1.67839
-0.572884
-0.820766
1.17232
0.580933
0.813205
-1.04223
-0.632904
-0.867937
-1.26294
0.684991
0.599489
0.021876
-2.24671
-1.13486
1.07552
-1.27294
-0.347821
0.185414
0.0137343
-0.0526395
0.703306
0.931158
-0.457757
-0.221707
0.596741
-0.957653
1.26159
0.0501437
1.1007
-0.0334128
-0.21952
0.754051
1.609
-0.455573
-1.14778
-1.10838
-0.0134217
0.466155
0.128301
1.18052
-0.504313
2.13354
-1.04103
-0.564674
0.581034
-0.838755
0.987533
-1.69638
-0.625848
0.210438
-0.342998
-1.62297
0.050248
-0.248455
-0.79034
0.612238
-0.975734
-1.30249
1.27032
1.85356
1.4018
2.20378
-1.64052
-1.56125
-0.315747
-0.151305
1.60129
0.546604
0.518964
1.1573
-0.145904
0.600578
-0.937406
-0.881754
-1.01113
0.19168
-0.361233
-0.278235
1.7616
-0.453681
0.544901
-0.318915
0.0785594
-1.08399
-0.681235
-0.258837
-1.45973
-0.546099
0.330014
0.614885
1.08552
-1.35541
-1.38835
-0.906609
-0.783092
1.83075
-0.0177074
1.64935
-1.17606
-2.19898
-0.202332
-0.346849
-0.134864
0.88239
0.882538
-2.1384
-0.247792
-1.32217
-1.78068
-0.529123
-0.367063
-0.472832
-0.369129
0.037719
1.07331
0.290858
-0.632536
0.705379
-1.897
0.538722
-1.02158
1.44922
0.226282
0.944372
-1.18838
0.929395
-0.948568
-0.342022
-0.537271
-0.46088
0.286836
1.4022
0.23926
-2.24886
0.400078
-1.06566
-0.219141
0.968369
3.31504
0.507505
1.02288
-0.61473
-0.36398
-1.09414
-0.513155
-0.499303
-0.93229
-0.875445
-2.91699
-1.23091
0.821547
1.06157
1.36354
0.224587
-1.66384
-1.64449
-1.08147
-0.0118608
-1.08274
-0.308223
-0.0979965
0.196124
0.327073
0.38924
-0.273245
0.706081
0.0424355
0.225995
1.03682
0.597869
0.642738
0.302382
-1.00571
-0.194316
1.15392
-1.04698
-2.823
1.52313
-0.665291
-0.380098
-1.25077
-1.2451
-1.83844
-0.389308
-0.339558
1.05414
-1.98716
-0.449682
0.1888
-1.13337
1.3453
1.22247
-0.120115
-2.60928
1.30164
-0.77434
0.01754
0.405761
-0.0578426
-0.716759
1.54806
0.940559
-0.109197
0.184494
-0.578704
0.0304418
0.70386
-1.92483
0.583512
1.21951
1.4956
0.123211
-0.313348
0.843344
1.11461
1.93366
-0.653772
0.410087
-0.288224
0.333787
1.57617
0.670987
0.906838
0.335937
0.62063
-0.114903
0.920498
-0.19579
0.313488
1.84597
1.09794
-0.78886
1.39057
0.815174
-2.19671
0.0614031
-0.757558
0.0660444
1.02552
0.774006
0.23929
-0.763858
2.41893
-0.299085
-0.215607
0.0246559
1.60393
0.79668
0.526133
0.301913
1.67994
-0.355071
2.11876
0.0607622
0.461516
0.971093
0.33475
0.276003
-0.0628431
1.89699
0.326316
0.546843
0.700737
-1.26614
-1.35702
-2.77224
-1.61628
0.936474
0.892979
0.789989
1.35923
-0.731407
1.02643
-0.480583
0.381809
0.749125
-0.499342
-1.47345
0.262764
-0.357486
-1.23121
-0.361556
1.37251
-0.165644
0.752496
0.984127
1.12868
0.130424
-0.996919
-0.301854
-1.69798
0.789109
0.516701
0.69848
0.322379
-0.31624
-0.841995
1.30618
1.24141
0.247382
-0.414635
-1.22392
-1.38926
-1.16893
-0.680863
-1.49688
0.0404775
-1.82517
0.21896
0.274843
2.02277
1.1575
0.1134
-1.39334
1.00731
-1.82083
-1.06656
-0.42886
-0.24895
0.32804
-1.35708
-0.7128
0.523793
-1.48423
-0.017737
0.602343
-1.08179
-0.221428
1.65806
-0.426897
-0.299886
0.360236
0.969147
-0.497124
0.428347
-2.47438
0.0803197
0.604687
0.58631
0.765269
-0.645549
-0.891263
-0.565113
-2.18179
0.915971
-0.585006
-1.49574
-0.0710382
0.194567
0.764541
-1.75291
0.161605
1.35879
-2.14022
-0.00319841
0.746045
-0.916453
0.451657
0.115686
-0.774154
0.224058
-0.100817
-0.427472
0.314691
0.772334
0.697099
0.0935723
-0.224497
0.330178
-1.30527
-2.49165
-1.23697
0.0698379
0.800194
-0.512103
-1.24187
1.35394
1.00373
1.43308
0.987849
0.943364
0.427477
1.5624
-1.28724
-0.587439
-0.00297766
-0.835942
0.583164
-0.558276
0.370361
1.22658
0.854154
1.16474
1.84695
-0.176479
-0.163991
-1.84152
-0.810946
0.382842
0.486723
0.760651
2.02507
0.426035
-0.286543
-0.86425
0.253455
-0.416452
0.0241069
-0.859736
-1.14215
-1.26308
-0.707149
-0.254581
