1.00000e+00 7.18282e-01 4.21906e-02 1.34713e+00
1.00000e-01 5.17092e-02 4.16719e-04 1.33347e+00
1.00000e-02 5.01671e-03 4.16667e-06 1.33333e+00
1.00000e-03 5.00167e-04 4.16714e-08 1.33333e+00
1.00000e-04 5.00017e-05 4.48921e-10 1.33333e+00
1.00000e-05 5.00032e-06 3.14449e-10 1.33333e+00
1.00000e-06 4.97385e-07 2.55922e-09 1.33333e+00
1.00000e-07 1.02960e-08 6.00325e-08 1.33333e+00
1.00000e-08 6.32923e-07 7.85488e-07 1.33334e+00
1.00000e-09 3.62231e-06 1.05618e-05 1.33331e+00
1.00000e-10 1.67012e-05 1.25140e-04 1.33305e+00
1.00000e-11 4.40382e-04 4.40382e-04 1.33436e+00
1.00000e-12 5.27010e-03 5.27010e-03 1.39669e+00
1.00000e-13 5.27010e-03 1.36571e-01 1.65691e+00
1.00000e-14 4.18411e-01 1.00000e+00 1.00000e+00
1.00000e-15 1.00000e+00 1.00000e+00 1.00000e+00
