1.00000e-01 1.14273e+00 2.00537e+00 4.00321e+00
1.00000e-02 1.01315e+00 2.00005e+00 3.76966e+00
1.00000e-03 1.00130e+00 1.99995e+00 -1.17715e+00
1.00000e-04 1.00013e+00 1.96767e+00 -1.02108e+00
1.00000e-05 9.99987e-01 1.54621e-01 -9.96855e-01
1.00000e-06 1.00231e+00 -9.10557e-01 1.31970e-01
1.00000e-07 1.68402e+00 -1.37028e+00 -2.09795e+00
1.00000e-08 -1.78868e+00 -1.11675e+00 -3.89086e-01
1.00000e-09 -7.57635e-01 -1.12860e+00 -1.12860e+00
1.00000e-10 -6.63761e-01 -1.07366e+00 -1.06505e+00
1.00000e-11 -1.42108e+00 -5.46434e-01 -5.55043e-01
1.00000e-12 -1.07799e+00 -1.07799e+00 -1.86878e+00
1.00000e-13 -0.00000e+00 -1.41354e+00 -6.30493e-01
1.00000e-14 -1.89978e+00 -8.64641e-01 -8.56900e-01
1.00000e-15 -3.78397e-01 -0.00000e+00 -0.00000e+00
